21.57861171048336
34.98281087633565
7.221559526751922
5.567526939554982
50.54034424360638
50.78761234369281
67.59006980399816
11.573425535481585
40.18707082106777
614.1259932272666
50.477673290110985
235.36624925282146
8.113396839709537
3.988070459733647
13.908308329666289
6.4411076658787145
95.96903862688397
10.234952608263619
73.05539670484119
3.937126435906752
29.06463469682813
65.44838471822165
162.38530370686078
107.09844563551671
8.773019739134183
15.285267398596641
7.919065311243216
94.00813420664066
65.39206096414956
6.520466796229902
8.403961098933104
118.92168933035363
60.77073962338667
20.366535611802675
12.260648530054667
4.6564572415607195
4.957501387227139
112.19483093463828
3.3804217649003463
21.590218049209174
26.623088954016072
7.915765669892921
6.125652027985773
20.78038907532394
43.84999908057305
17.255489314717774
51.480117274557365
29.387614761182228
29.892191686303796
31.728251268624643
54.81380926196458
65.98301792050644
24.509915416857286
3.4812457255058438
4.384998364737675
8.963266355811314
10.048952531464545
50.556048274157426
20.93464629037732
34.36411278148603
40.77064299921871
65.37724563524267
5.25472392166677
44.778920477576555
12.818634913604514
39.641691946525754
4.756179291855595
67.63167148136375
33.32915367186739
72.14100837384261
26.118104683484887
32.203493922592045
11.719499833014574
29.911053437602455
5.7878489001531594
7.567398234227558
20.680517215505756
9.465080732752401
37.670215828588084
23.144148921285115
3.0584992557475736
38.37550783015229
53.68014671996916
9.922452073314492
33.92337809919875
8.742589103500325
43.71443927302505
62.74688330254819
6.865857664688107
11.931065206641033
1.7398762664438543
32.738175719859655
5.817149758572055
57.52007078680272
34.847045666691656
6.045900201078317
24.086739031514515
57.613654943109005
25.973829712083436
26.703919239245092
22.94212202368427
5.195849300304293
18.847456299855256
67.94162854649963
587.9562282502187
274.3795118204534
34.648631776140874
149.50505292163209
33.133972121412924
22.732626515230457
16.625425674130174
16.092371007445113
36.96264323183411
8.542264753685656
19.70945082417222
19.720719416895587
35.901142077291425
52.851873305120726
180.40808034791866
11.359799172539644
14.467851852802557
17.095445178677355
26.748865244960363
50.46937324248693
104.4964806849123
28.136030388396684
77.98561921194937
22.134118993828995
28.794082008978265
23.274135924684085
18.222929195708772
5.09190021240471
184.3802767766742
4.957746062669709
59.39661863995094
49.14478721147823
6.51604263708063
30.332630091401306
8.288957725782682
11.552158944993886
38.630918670478096
13.62505179688316
48.477810409591385
28.95933759250247
9.033793494328618
26.60841498386482
3.114592743769634
37.080418686446144
37.03812505090092
34.962565604269905
9.29099856455974
89.81984720746054
57.766533802671624
46.86702867516002
33.11542493562049
40.03270767331716
20.264474605517748
10.083731316592356
20.03848971271729
192.3270439833571
9.203492459389139
3.8341887246982
17.168867435428318
87.14195154910236
2.965466268129674
76.17035340585377
13.10044404518682
8.719939141616365
7.1969408925763565
44.057873700681355
2.5141300526294335
5.811787720778163
62.04394549384409
23.728951850459566
16.53902396142269
50.15221720304375
11.32568852371411
44.09912916590926
105.7786044902707
6.253880342313574
87.40997231387257
15.710395846231728
15.295163236250485
68.01120349561664
4.245599165853266
56.74570683196684
27.681390232265215
580.0363022847838
172.26315108201408
32.119527783085374
6.864710914162626
4.984258593876859
34.327285672960464
14.05940188818496
11.781243378310156
3.0662062599737183
4.569982632999132
103.77759274801947
6.121387024013536
18.071302435429473
11.198398218032025
4.747891127194923
8.551189826550443
15.407176582355518
2.8032484299762164
79.07822787759983
2.8777456964148502
25.93057122563594
22.62791986918344
60.3373060363028
120.51941465567874
32.885944674085074
61.50515042215809
36.24993222983828
60.74609774026085
10.752251893414007
24.80718291813284
11.824442927555136
8.282344272933479
22.354420770742404
3.4584882151483103
13.406602217463215
16.92959781028156
18.598630840420284
57.890794712801046
23.523067983983992
23.325053085986646
12.920049933547478
13.28268228834514
2.18344612355734
20.71385581935739
13.439732336950406
54.3557825036858
39.09055237612491
6.99171678275262
22.611495746870098
31.924675732408183
36.05181318846469
138.78033027128967
4.836868806599886
18.92999601140676
16.93230531561864
11.089911950624623
12.385084539853615
34.569018291598695
13.419793404322165
7.363659469366097
36.862003390586366
12.17287625366809
172.48047876594623
3.8073072016668688
9.40052196871296
226.1587064671058
61.41866530179028
4.979456924866541
53.79268514313295
17.90644529973844
30.033335237424176
15.15519903276791
44.033978647888155
39.63828893971867
6.226220038076384
46.02582601098721
4.366530812329363
18.19013721701994
29.831923891059137
10.658355054445462
5.745774411423931
6.443783745397479
54.33092870365868
20.409121239521212
10.328647163082392
17.276048778608697
22.95846338893679
12.495011888486053
8.115705008174949
46.5731126471111
3.5362241182062357
26.79056701009077
32.28819521928084
8.109692236063971
29.729255372101093
9.086709057567683
44.76326674209427
3.2292037224598
17.152643520398787
14.633216076956696
8.556408526618867
10.945278017569112
3.5052046496789204
44.20998532220546
4.855053461397912
4.449138694401325
68.15271974344698
3.9105998157499293
19.4534351795953
9.580707797877478
12.567352680415707
39.1918738329925
35.00408337496308
14.04193794622269
32.26450614525618
46.52252711698399
47.011452268154066
235.0513629803852
29.879735149528656
4.241754469482995
3.0815515947175136
14.953456594157583
42.43485786452998
56.91389564452927
46.34600373968176
14.605039477711305
99.3593630620007
15.804426379703006
180.94255931154692
9.346978284207335
90.58424887539768
96.21592808165113
6.9761535301121524
1.8870640850923646
33.95214358694083
20.753388220967274
63.28114755201629
20.237234658660306
66.94201865975302
35.62323464904006
13.642587419291372
12.013818689989714
3.0528193111419744
13.978995397555918
7.70566942163714
20.985983577162052
16.494686063688082
14.298619414616939
8.555789337637005
16.693185732254662
6.1748577129958955
49.352956864912976
64.96561409267605
8.392378662258333
130.2155027091498
46.870285339533204
68.74305055832384
25.66582440076923
23.23190148264936
46.19921623347082
10.933523715914802
32.23962554402492
2.764791995837286
44.357023340619236
3.261042408191383
65.84841267258439
75.89853139798396
39.444279818802855
13.141668359017348
3.108933414377556
6.141490456133907
16.198734653187408
10.968207909461448
26.448322272925672
50.07252588722775
59.33032227749295
33.07958978431581
56.84426629036036
4.3499372049048945
1.8775579631934551
14.155866780038648
62.40619765326583
25.79900761462534
21.068077099335778
1.6988509698791927
58.65308660540364
18.89727544511377
75.87433966407389
12.570264433135483
15.859083092566884
45.20339449321004
40.887221870400836
55.39313382323698
34.451481117689035
16.064485525404642
8.474500301677754
30.817633479788746
14.671544686274633
32.69178772784376
4.655581572517094
40.612643488223426
181.04812413007397
4.710882791236573
19.359640974925284
10.858606977273842
45.79564903884017
13.660933476205205
43.342119544434205
20.856415348222782
8.701660451621414
1.9784074254316542
5.683060453324608
66.01941588787231
36.18232617014577
26.228436278926683
3.7246597636805925
93.44729184915467
72.38740961488519
5.01563710234293
2.6099182803282543
6.475993265229016
32.71976729375574
2.855045790025924
93.22213959565248
49.50083727799718
19.43276784921683
15.82126253132176
55.457659312741455
111.96644462438356
7.457599226902342
3.394389455897188
13.016779333901697
6.626372667681978
34.103070928314516
54.752322347669505
4.949479141283275
106.45466013820733
28.29157603384009
410.2120152151934
21.48467986158452
147.92823614490752
92.31545785628776
7.473111912930793
4.280511110460529
6.317550266395681
70.00003402674905
185.50977427411985
6.70245024537069
4.564578421059824
9.976545702278699
154.33802631201178
40.99168729914384
1.26892421977986
44.115878077942796
24.391146203236115
13.029922591419624
22.440004032594565
15.74382856513063
11.89340078883835
7.313871397945057
4.037679652707805
122.39674735561914
38.08354546111064
13.667669684031782
62.26941360711011
16.13810976850549
16.097521568387283
6.056467282326775
40.71507430649791
29.481946196817887
215.33865427555813
9.75119809744364
23.47629851070592
0.47844366655016674
17.511293117379903
53.26783447109333
27.517410742498317
12.403155164494246
24.754663633167382
185.60239382699655
37.16169989081888
28.979165923146542
6.3730655005584875
4.452876120388696
27.933578226679113
38.26400309266011
38.409815140919676
6.936819463435853
47.56257084402498
54.641432114369046
29.353142648992296
26.748889123279017
25.56574135797615
11.370253259281107
15.155449093639367
23.634739585044116
27.92770741117247
8.358179720549554
40.22949022456885
44.293583727167004
33.95598526780145
8.666631695136441
53.722201775958666
2.918652190767696
24.94700290120614
14.268589638348027
26.317385847391378
36.654919582673685
13.172845782052477
14.874620071610536
9.299257749268557
39.54993568560374
55.58278172884604
4.718456294561037
3.78404531167959
11.184833171840726
8.530120348985871
9.597262023863875
8.987178906734917
11.89825930520639
38.67152169801449
3.35442143713747
21.58538060108733
34.6289757219027
36.956080982937145
6.835982440840798
25.612349392211797
9.95645073975103
121.46068010135792
30.89407879509999
5.647154667550238
10.864253808694826
51.29950301141565
13.081333407369005
36.49135618156148
13.99444019848452
24.932045179785305
14.459333829150571
11.111482947296741
61.348394392086796
8.152733306509663
3.1200495007709974
2.2359270507313176
14.896907272089704
35.972776935131776
7.739298327531513
5.533034743400117
131.7242393537136
5.803078548842365
23.708812376764246
75.25116200779412
99.06776637260312
8.815973937818264
2.549580845492604
35.0508808288337
35.79721161375539
7.962683164602573
42.73754154392174
57.97205418510975
80.75694596490065
7.496658721012257
11.43611534788177
1.8084664858739736
25.49558559531158
12.29236305482643
33.790956708511644
15.582440531615925
17.134751974073495
7.896600584740758
20.761903088849348
19.484581602416128
26.001999635686847
57.334705945300676
27.307305570225473
3.5519644660954737
110.38118893483713
79.79265188293725
36.52233203081402
8.616269135840643
104.94472137626785
49.4111709112466
61.59634357191105
244.2601156112631
9.04451133685865
25.80225662620864
63.0745247799508
28.19353690229913
15.219571200612911
10.169949329869613
200.95007103697284
51.18837375549176
108.2441828597696
14.942841740008392
29.338147266844416
12.179767780572517
17.977179692848793
7.3892381924383095
10.667195734090823
33.213143637666775
9.991659859743429
6.361858516350688
29.037344122978087
11.306959517412368
11.013234559481937
65.73383830226972
17.174044567357534
26.182032503983056
6.309717245817349
62.47211364486732
5.171296534016959
26.040341311310154
73.36780896243096
15.23956705281092
12.349505478415205
10.762782537075205
12.380145626118018
9.75898386566163
107.8755872905992
6.968512816909232
71.57966470734385
73.54196386698545
5.287214403512858
8.846029292090265
7.486365569342496
75.76049865183258
513.2954364091275
18.522267709944302
12.658713880706532
59.70725518998736
11.792652040431296
23.675601705080986
5.726325122099813
7.305854024336854
12.1284720102625
30.314735242615814
13.097154199419911
8.994314006957048
4.526658653504788
45.61772281684317
27.11122316107098
37.95455263922313
63.16185731899505
242.76453043362395
11.769835523126561
18.75609820311506
19.3180453868386
59.893119184522064
8.866029529780219
51.57036297352532
6.011883322628938
83.38592818083562
6.671255914591548
392.8388244392507
12.407502437445181
6.874972054400881
29.69819924571458
23.06545543112726
20.44681560681067
14.270594618978517
85.0385912284683
16.04001575574773
2.80920360307556
37.269868106728744
28.463093086663537
61.35496401499984
10.570650686394753
83.05585708988455
50.317891533720186
13.720895619173435
33.368617707267596
12.90199752023468
39.471773795015
25.487248575986033
33.764574059672555
25.50502377639803
20.087639106016596
86.53162967475376
9.90350753252144
193.34142287392504
53.761639103472056
11.027857918386404
147.37620232678364
46.93777414291693
15.606410422500154
1.7381236491276213
8.608092421912593
56.112318281346944
2.5992486766398075
13.567766803839797
19.63945526637668
176.32402277255343
23.283539723129863
52.914396196648674
16.86370492724912
32.86335256331271
9.627886599528201
54.585257991286745
17.16729892734718
17.480494113254526
32.30046285699974
29.98742806910182
115.00011400837026
15.639597076429318
6.5207350276478095
23.788632002107235
7.031267913119785
16.645716135296745
7.746533698015766
41.22504874534737
10.817692058981194
9.852320618068035
12.503842248521272
18.560841561567894
39.82749866852858
6.950835423892842
6.293317674847846
23.88049415440094
18.5704304305827
8.264909847686694
25.300972595817417
0.7277686367874577
45.1791896866266
38.0665602695864
9.471358306750599
7.870208593543318
1.620688326708611
10.689235983646661
10.945060030666216
31.87283897196059
17.48084771837984
3.5995844145408484
1.6346452411911059
13.48748423030466
20.542283253819594
45.98240386097984
6.284781065195888
24.070013411187226
1.8886368617920595
51.712706932474234
1.4940569355631657
25.606699608125936
2.081799448835542
63.35082010244878
11.13307002336622
82.61221900065485
39.07382188649794
11.434148729321981
11.317858928472532
2.359602249970944
55.96793043339135
15.968104002811382
16.130766846201034
16.04681021607674
9.53956347910988
98.14584732510308
4.611147841383217
29.311361621959215
21.650988164874445
30.92866959275326
103.01168501849757
13.45577960380449
3.740352168093976
15.080769053482294
43.97681611732082
11.01760306028199
20.922069124540066
8.09551659825882
27.553524032433607
18.87974030858148
7.15229417863349
4.013946608499685
28.698544144281033
18.127907623835622
42.6234930271829
16.771566102444872
11.37350195833416
20.90001411269495
21.535600808978682
86.12054060440018
22.352634783233857
14.629397802986915
164.1329552255092
94.1686429244785
27.114039411921393
10.047291800625535
11.875803236680312
27.774146268700093
20.899346570735673
5.740440621140807
4.912678015882402
56.219240518892846
71.39479754158224
2.7004044131449088
31.036172012681757
120.07451552846473
44.06852208582708
22.194610260125046
4.047376655362426
13.572736693928151
2.956530676769692
6.363376862675293
7.3901964324320994
50.834457362734504
45.3535432821043
29.130430118786833
80.34702939625325
167.0309267532137
25.50458874281872
0.6997466601990258
29.06691384594678
5.391200996845938
21.32024859354688
9.697629311806358
25.63140025788865
10.23719212554396
14.512288313267105
151.3300220001332
7.030598085911898
9.970536164782851
8.526075682912257
8.222216380733142
25.512581199154514
16.60210520755248
2.6528990769260212
7.686038582647088
4.266138702238381
18.186721031210883
5.929382626789578
53.51172395481778
22.2045456376233
18.89269655432718
7.061549216888822
15.043004875202366
2.992487772978855
10.647263216796121
9.012691063621315
12.700636565159146
13.161453828973851
16.751804630195657
218.53373990056306
10.067585947979458
101.00482445529768
52.76141622123826
12.427680273759922
51.62967232673754
21.01354029657618
17.2663975698316
30.360557659205433
13.425945864864538
9.246963503866056
46.965472275630326
46.4295211456349
4.587076290199791
18.696565370149333
28.399943035233804
10.596563102542042
57.27051242761706
56.56252749219058
9.214452720915792
11.32789143169379
12.563451242400482
9.821821624343062
103.19356689579249
12.756182595003402
22.815148721752546
41.60079377719186
154.79697719627575
67.22336169603352
16.68895706758045
25.059035929708674
6.111803835691255
23.91595407003118
132.4655374357024
3.769676628025073
102.80199854155038
10.53951210838986
15.173327243036127
12.347948107252952
19.35354625125357
22.33329656016404
20.72239139367882
59.57809834195709
13.15609673510772
11.397389030087101
71.30108186621158
7.004345440120851
8.72325797089996
102.78117210992997
112.8614409154302
24.499902490531642
5.418314132867629
71.43058955218612
4.633706246434817
12.106275409796222
16.719633800519684
22.122605430713584
7.265260726052084
48.86168875128219
18.253483811525
23.451916989334787
20.41124388339124
6.510730238147769
16.76154069191352
13.46957813791627
17.5998014703324
72.44151233918429
6.48852631740198
83.09379189721348
28.53382316387452
80.38652669060095
13.156777984639698
56.758841189685626
44.36494272016415
7.174371824683692
9.992178700318568
31.429010671013454
29.272555238710734
5.205664242287374
47.12498952448191
8.692137504107816
113.69953955464868
32.73765923996253
58.29991851591388
50.84140800863216
5.66402779659495
72.86418114482409
19.67974542197312
155.27637939145671
20.44997869633335
10.989031240289611
14.005478565710185
20.90216213041286
6.206459725362301
15.065111149276282
21.578476946942764
19.32405606540978
45.60526244510694
3.612818633076135
116.34813507533381
36.33125442979773
6.782689384379232
24.22572738142537
33.53660065335731
7.894662914881495
10.941474601097052
22.706210699174925
7.738824361464352
2.8267677752989564
21.216446057897464
27.057172836392148
57.4508957857164
34.68926376952214
24.56092356335416
19.996174510763385
13.371340036219681
22.622469824157356
8.082556988070168
9.307309910294174
8.368232055283158
26.444193975559962
42.551868646743884
80.92126158920858
159.09272580786117
11.452644502501318
13.582111946420651
23.658656912088958
35.67967166724853
1.9727032756726137
7.208386615722476
20.51645954555882
11.424275737720805
22.785417387613172
4.6825033953705
176.99898341590566
18.28271323361115
130.3684697532909
18.722705745917928
11.895366740625741
20.898963502099374
4.319286111299074
23.320862133949568
21.92521708157194
39.79898338917647
3.44742182584274
26.129517083880565
37.9289986113019
31.54055258573228
5.766529256546992
28.330917641525552
11.035271624576554
23.288709865693903
104.71616640548915
29.526156632689272
12.155598898547494
4.001319203045149
6.645100011287606
9.032235669610184
3.7249102748638854
7.766751811159107
12.109031251927297
15.510299485237981
40.13393675627492
204.85905437368237
8.974615418777992
16.11052272074314
43.223421151486804
35.03993685149144
15.18534569552836
11.882376844865302
10.522328246393169
31.5382347341592
23.213584200152113
28.46603214682045
11.335133281221141
6.75590512727854
50.985076814270165
13.102250242567578
18.977605373849016
22.874918432861723
6.751578061811327
6.933482777316047
10.69663987195677
9.032516578113873
56.39983633676567
7.859059155437345
6.32730231775391
5.98311926371854
152.77472690380284
30.228473695036175
24.774923268803068
7.180034166184402
49.65898943553797
9.06431291756392
14.828280228699343
7.1095474897313915
6.151333063278281
24.816636237089224
19.778999333564805
27.686355488782254
34.4490789575616
12.806787444872086
31.286968698184538
13.869943319143639
64.10090209642098
12.775962347251086
6.662668735516903
31.552708134671832
21.854290001773222
51.18606373291479
148.18116714461732
8.283327469516353
44.690090270988485
177.52105005340056
5.0822660721631
6.169503471697151
39.38011699979934
66.12389590500453
140.46442451616218
404.0336786700965
16.522750253795262
7.533761441139119
17.752175975026258
1.882235135656157
116.48915132120683
15.008101528454688
74.51802723728315
43.565215236826226
2.688325037281213
24.16744001369636
73.14287939472283
6.561905058708209
7.7757411433091175
38.29820244845168
8.754353303802386
30.84820529777471
42.483482706373515
53.090483825757175
50.44659842151592
27.05431298045137
18.091539664891293
66.07292427677477
222.57440267265378
9.447167030028726
16.94368581762066
1.5670210521557821
4.080961614267559
173.16891468984926
18.210930304881266
23.34482425875732
17.736744488236763
30.238256411115614
5.9007449604498134
38.49572934020379
8.01566387852975
22.783772902876706
21.155550936004943
53.25772062166032
6.886846452415399
33.01531160102462
86.18722392550636
198.17058161960617
8.616131536990215
92.82911072242753
71.34166717853942
30.196608608579226
8.187755327114564
11.109623234820711
7.039747531403563
42.99056651526119
17.67085697617505
14.623170114099343
27.74660807314532
43.574003603047956
4.115165416694948
37.20168424139396
552.6662323347329
33.892568666761846
9.038405675094399
18.794796253892876
33.69336669131217
53.06302757108211
40.78158252816047
11.830531510152746
29.228566642659274
10.39455082040847
14.463673672718366
155.1916887569111
14.0838900480784
3.403577991079102
21.383600317433583
2.0340217315828384
198.36689711328336
150.5972242077246
54.43484990590558
16.43514652473926
11.19242942032232
23.645422133706035
10.566782389662523
43.629116678713835
32.2223428295048
7.003807698540333
29.088478574235957
1.252788960728988
22.901171507737526
21.62084919177621
30.958494288796565
22.565331836213712
5.532843089425449
50.257029327430516
55.691415226148365
9.933937555511239
71.84490319622131
34.45442956249547
14.583524995404094
6.596573098743609
72.54315905872437
74.83125793812167
29.890283548798426
15.433142980559118
1.3635323964592712
6.944285928452836
9.588085381772665
94.88328956423102
46.70821253213358
8.548855485726508
53.5860667628229
3.4745713412265693
58.09896243217818
41.339638256344806
6.239645603525145
107.72680488082355
25.550685184356738
6.320440648867855
16.21527763728798
3.397297567693138
1.221400651003473
59.94891753211175
13.591524615449279
22.551258636203315
4.94626957317383
11.91457097728515
4.424585227361027
14.59911405734308
60.72408618022148
133.14626950628096
86.62691012488018
38.56820556628104
6.4277576189130805
10.913941127574867
40.83826655899172
46.50947452666732
25.741449971290095
50.7821683326518
16.44370995318745
18.99986499194479
24.442343705134924
24.897035642103024
3.1110341086555007
15.537980875843843
113.53459815582085
60.97713864017798
22.64417748861754
23.75555422745526
8.666004619168179
18.730879640408073
13.412269725459517
31.20000535997679
21.18351671244517
7.399211940333492
131.64401352703885
86.69018279214859
7.383771702958302
49.052361925729116
8.04330931208926
5.248589441036077
10.519742613256865
6.817029059637792
18.61087373314591
17.306521476580652
33.80662616908971
22.171670847563867
18.76355911176701
44.60717507532194
15.253788758513693
23.947905294280975
46.169848739606074
36.826953980923385
28.935887977047056
8.502376604953643
41.36060539077107
31.612800108137026
20.801746878499593
55.51907948094341
1.2571581987273692
44.39543201466165
11.985475058904838
4.968882950713794
22.972909372046633
7.162148016914961
67.56413383087241
37.054020682589936
39.66424323051657
21.317009298386825
43.556185576064316
15.319310942536308
18.603471427171527
147.63060212279237
8.974872953636783
46.13240109506968
31.439235056145073
10.461616757166802
6.991506090920796
14.756159339692388
13.074236644442628
14.880187341404064
9.540807284647977
35.627700980458556
63.30957312650558
43.11999808253881
43.095009841596
5.0443503697796
15.481396776234845
17.275860281713815
33.589889763264544
21.115147560055146
6.268509264093837
32.71997919377598
12.652776146055807
13.42701635005467
155.19583816203348
30.562884134038928
12.12532350871447
10.83322718536016
3.5566238897002376
44.31482246461941
13.610997308192992
12.444900186078335
19.825075544309623
29.833966094113393
75.17797194891513
17.565386948817878
11.903677321377394
17.84627452638111
36.88172493471121
10.282020443045468
105.81253335183884
71.74601195123188
38.38020475275053
46.29587574707125
55.10422669525298
8.872706479123302
19.443370567623003
24.317772403125904
20.782746408427805
16.515573684273463
2.4490398776785454
2.451606814948279
37.73570178304587
15.39115321734764
11.306116811674414
65.01358901801086
31.151688902874447
7.225983728627888
56.08950151357846
5.880293336455067
24.260021884588216
2.7050182789257056
8.574081453825361
11.187023867796077
4.673326329562832
32.26186946921014
35.47989852763083
22.213960312399987
17.440474505309076
143.07525076985354
30.636712265841876
38.71347957422525
20.32501019601473
7.181459819483995
9.443650166271075
29.922998352820557
27.313850742121144
16.940856969234254
12.453165874559089
10.226938579936544
57.05976783918032
5.473480372299068
41.825258622191235
30.220963881061145
4.171795033200708
3.4875676433441116
17.074784568684173
66.61438980654536
9.740836915551146
15.16947578504921
7.027756851076536
13.678365233373034
37.19358466621734
7.616841289409604
46.93930871761518
53.13939173207934
13.79985802054564
28.382636858877714
38.1428569469393
6.309175199696989
57.971287558932694
7.682888032998798
38.565272972845705
20.334898648175027
13.212150102235224
129.33521982579978
35.40692085189455
20.118808303947052
28.687481217236133
26.867931818873565
7.43889393444488
33.32247485489007
13.605835229162407
27.34689827289833
82.4050404580741
223.78420336821586
30.51903520089766
15.451815250901404
29.420910155991972
16.36343862717337
29.990168366637064
13.010695214443123
5.392417183460878
71.01129539810796
6.519231143535045
4.380060511847001
10.697955623809612
6.330956363876532
26.184895958814828
11.437796290828938
8.101459705889171
5.319505162133093
25.70240989135299
5.374931346791088
39.226008039332115
2.9489111274784814
13.033781861937715
14.523403834774939
23.11637087202152
9.075460590077565
69.05753216407847
13.550337323414386
39.70524699624334
10.737326459412303
111.51884238096184
8.738409917569543
12.559260174360357
38.78161012287403
5.783209773989728
22.09496260370458
73.69110112084714
5.95905585276106
84.20208818713911
68.6134934868969
45.91024651670107
20.200816277994342
24.52098603701144
16.98119551815242
10.746315300096692
197.9372686531341
103.95382114542717
15.814761297046784
6.883953922020129
20.995610162134067
7.2280029054373
10.073824025383349
7.800221662500338
13.771117764115937
19.12332579358815
12.020322147638373
6.974216581324241
1.0315828088173278
33.07378579325256
81.96513516317127
14.847987230907167
5.817622445101466
25.372176278711198
10.909616013845623
24.71238799225934
79.01821806613025
60.87761746864416
26.437545383049518
34.03789930552426
43.597372018914015
18.697261056172795
18.63334317883546
23.276286532847667
229.19724343550715
35.11213442092121
6.571665718337977
21.39463773111052
24.10055469869434
17.26625825501019
22.343071627049216
21.012137292512627
19.73735094220787
6.765131593377901
24.309890621613924
12.848967315262527
8.166240548099065
12.48367573787844
51.38944278754751
5.014142986367303
20.97721611490375
27.014197879737182
24.426597702614234
9.747309190985547
15.842986069189884
42.44876667379239
27.02053991152379
10.364802652534934
17.74777447639375
21.035732843384608
9.403285646582304
29.7541138609213
19.14672696193856
5.051283468998401
25.20624375369531
11.347892204349876
21.621920724781024
14.509290375363653
34.7008932725833
41.046266127672844
7.4190566328303955
18.41366405440899
27.307094810863866
7.6366883545174575
12.294296480726821
16.353842135958285
13.540208646205965
37.95677251270942
31.165177904716806
54.663048887895386
37.6778341853762
32.975479400817285
76.63357249133078
20.231378816722483
56.2777413162472
72.8845069358228
5.229581043689941
32.974084211601465
3.9226328926625897
18.839233982002575
4.81923548985985
9.513677348451886
12.925936415271304
9.77615149646705
2.928625645005858
8.641395379463889
92.12889442057921
13.337800959421964
49.93014565325181
20.34213345235448
8.013876864600714
22.555870150170033
10.750854990442951
33.911983306992134
11.508895378287376
49.22137286219608
14.033663352665656
3.46417134912921
76.38338016549277
119.40525962785775
17.121213295450048
23.41256440251042
10.382868552017221
6.435459828406718
30.796184924562404
22.13923482438966
38.38354720710963
48.25315447262423
5.290062904010472
32.094182119602564
56.653701077424145
15.235830283171452
19.24091975733343
48.143445343018776
1.7424299007411745
8.172190238752039
30.123166678055544
124.33387897830934
9.464138136235908
9.023064128265005
3.5544217940656746
9.871796051852648
17.571201759637297
34.16682225212978
30.025510088494283
30.923906660537604
2.0487201735307616
6.00401209880638
20.813331804292407
15.34683961751487
30.147151108251805
52.795277666989584
35.12324487170642
30.567515108214653
9.024238846417495
3.0993385845398818
15.3685163716743
6.846660367442229
31.684790087369628
7.540181546228095
170.7782783378901
33.59511967369141
582.2519517622036
18.215061635600026
10.874243054097658
49.215988526062425
14.101283392542248
64.38174915683692
37.25651086115482
37.86161840768754
18.975099337580062
90.81779948329262
49.36514195375984
14.922716061757248
13.234355793041729
115.28652572485113
5.253682939787256
10.824673670228965
48.21349690222033
9.2524839503642
30.962430617091254
68.82108395868669
9.675156524097963
46.815771846917116
123.9443149253867
22.672163456464563
25.115125196036384
30.273467816399933
58.14385295670603
30.276994703964466
71.90258290211035
48.176186812860756
29.249500034221896
11.912737981951146
170.810289742881
26.29656653689083
25.03865115483228
72.401595515813
8.469220379959406
238.08140185077374
5.207756383807323
11.760355474504456
10.712141306139788
38.714260666612866
7.306576267897854
18.19108839572835
22.01111313989031
6.385474578017343
17.569728810250908
51.98038431438641
97.58299939896604
33.088387930925826
13.5418410860903
17.873248160035565
16.15532152037801
25.593885440453086
35.38359923276311
20.692212407649478
21.419029412543654
68.55681375378684
24.74976165582963
90.57101758936808
4.955546383208219
15.230332351997136
15.789942803066532
51.219574112444874
3.2054130940583643
66.15807627923624
29.424728414706827
13.11084457111693
149.0526312407663
1.8596240487483122
23.15038420914475
10.890701690699242
54.15174270137846
8.03214531243141
7.814265253709859
149.61023038669822
4.971506004708907
22.442164895767483
26.21976932739146
22.675703998688913
71.60211630798418
12.65704304436653
26.95580518482129
166.66418252479986
66.92440343297731
19.12446842880434
7.391338559794739
48.53918643497211
2.218730391605133
39.403219746067705
74.65722339329639
31.431124280703074
9.547202413176802
4.752577977946178
36.481213036872546
18.874655043457903
50.11718967968825
28.0117507149978
22.83412419260781
25.368888851594214
15.537765321298231
78.2404703894886
367.5336367023423
5.47507014692523
27.01261038062985
36.98351051817275
94.3822531888618
58.22280971342696
11.873017196233585
1.3910581087866478
43.28533886145517
64.5458505175618
10.15826310407101
5.358895119068774
4.462018489322387
12.170143554301552
8.09067543257613
31.82192840734238
4.472564198802759
27.321418779764308
4.35265184240258
8.355330769442784
13.803282787414847
15.431515350339833
46.67736259408451
272.48324688263943
29.92925533422984
15.163671504102465
11.670988368861709
40.14701120351929
4.329097110151816
19.435983582194556
45.24241479686202
13.341029076044189
27.397415325071197
14.964635248191522
6.2202308146569045
30.326042765214833
38.90810798080406
1.6533241191965167
1.641378035228644
308.9375128836812
4.818827038319517
62.182455208622386
22.57769816182811
15.066649489401495
15.47040245852081
73.23469975716688
34.14799916940157
36.44580298323604
15.062756442244382
3.7599150738329903
17.716042801234696
53.1895598999782
44.22045450307491
20.52523438173014
8.783920575874166
22.23833581368563
9.593509287858161
30.492312725256852
4.745758485344038
39.56942128632309
17.666192936082165
7.5918643158422965
5.645909303551112
10.753217683736931
7.067737996335965
35.105693077827134
2.2326967001770854
13.061639985576488
248.50407463992713
12.214872023026853
16.324273777482208
9.412959793635407
26.674761297744386
5.210634751907935
17.84327658222862
21.45096630985111
50.90980079340908
12.246072345768907
19.262257010728483
28.668176639661496
81.85948173578035
36.67419386542294
76.71441168481122
30.46815382144478
20.53026679445411
5.771497342707699
45.35461976383075
65.51592885314703
21.039934529501583
36.13324068956774
48.47791353666497
10.378921587431062
14.303290276286402
26.640655291676694
98.79699735023696
31.21796592370601
105.00024616270645
4.508882931885938
4.517802700354659
10.56902892943319
27.006352241534188
11.039418829708154
16.738864249329428
6.865474035179921
65.90705127257021
39.02124746942328
22.90515284147028
12.74850128535396
27.47833260343116
34.035493946391135
22.398830006688698
182.55962706794318
115.41369638412701
24.59794787649563
20.682021687371154
5.963217553417447
14.44804060116114
6.955295789337466
25.11871096585601
29.60324808684832
10.600763890063744
4.900816622513724
2.5490206827256086
4.142655980916655
63.0681332158318
6.296967351450302
8.767629787546765
131.28462608272906
56.7574975882977
21.655646529860718
144.1076730568498
11.373668682614454
42.25614051266602
33.679128584954114
71.16819032947208
16.471603966640593
7.367893807127329
29.35361179740625
5.923867953007994
40.34144109115877
10.862593531141028
18.30872341957578
9.271446340906975
3.436530364995854
23.076428011634704
8.241264737275289
16.248453738296238
2.48247194243834
146.21478815074312
13.534985685249698
20.133379748011645
32.66228725156848
16.36873035515443
302.20603576150467
31.286761505726005
22.63986687435569
73.71065364555211
30.111087705985106
25.76736033001488
9.782292841556954
12.443645990527184
65.37753017331114
14.790412564440862
47.17313700676215
25.6899678318889
19.424355128864995
28.816021405091853
8.086027870467273
7.933823462579211
54.236453160510806
3.3761646027652565
72.34961737731403
36.70632252931609
9.249820706199136
6.302166012553227
42.039833026839815
330.28304097867925
2.6974043805144134
40.399176547570775
10.076906243157545
74.18817815212317
9.221099540678761
12.274348168532864
58.77851985220357
9.425040837234464
17.11885439920955
57.48581147197283
13.358400512377948
49.95928851413062
81.63354756411046
2.211901446240556
23.01786348778538
14.29974254834425
15.487210007817593
13.119884129593935
36.553449172286555
4.468470649473044
31.97799024210143
34.22919951295302
42.87740216851452
21.386985396229285
23.234058526829962
62.374681189891405
7.679765650314545
2.1705049763014044
5.004637116365015
87.33017497801451
37.99990071820653
12.912219426897435
41.734272322781926
38.715005390819066
124.57995711106352
10.645872012883467
8.344293088397302
8.166183900569994
16.883468417350823
12.72221117838052
43.16546104658813
82.74433280508413
33.97403279184381
17.35376669632795
12.486704125425012
27.610533591169983
14.761915179936086
101.85667047789109
8.456471458680973
30.708059349541667
31.76727764045485
19.0748043422035
121.73136917900133
13.592620940756044
13.761608424539421
12.375684627424619
295.58240402417584
20.58053691175841
7.817628445205279
57.19481571758536
51.92071972477846
18.790830938295798
85.48403432970409
16.92407590538302
98.31700244710173
79.09785523987874
4.43016277573509
11.88362713452079
26.287088725133025
17.298810428110578
8.583888018608008
23.769616343773325
60.879351826044
4.11213104413141
75.33596551463818
246.4923677224848
93.69045662717969
716.9281810209155
47.852874091401354
13.267763835840457
40.9836055671391
19.454813294181232
5.236697827432438
23.643066005737275
4.390148682821887
57.00043836550096
9.494955404528508
26.047475263081395
12.70527210452262
8.269828387581782
26.676120502317264
19.926142357091518
11.119593855748764
11.63432519106719
29.457756932588534
11.731558460075759
12.925155608503069
120.98046966553024
13.357238764271463
70.83555532953568
91.13876261215687
37.05577709242679
20.527937831202795
61.20098685334244
42.866237174488596
19.100632055404915
59.95420338448504
33.8127637348295
123.02857590046249
45.85957138935322
3.3438307691525795
17.626041330467032
29.30716259709561
16.7154432011941
28.83040638491944
27.93885134420318
11.110774438943627
12.871435292488533
11.927635010185014
20.14780009294879
3.813535131183115
12.805242295220882
60.80491469434901
18.96393906714711
6.224274814522223
14.901558606146516
41.74175717895325
7.962514259688192
10.428108674055016
10.376504726575114
10.37259496320514
17.031105027378736
6.391990319252247
10.543537806406482
58.479640109267365
9.128146831189264
138.47882359832144
23.613232560652918
9.52032171894321
18.039971756356522
5.156110357679405
9.09867979319092
2.148779833581339
95.4702613929175
27.081137762272828
31.19832674211013
17.398212100884233
12.489469089825484
24.612862470825995
6.828370665373662
5.2018967622126855
33.027289365197085
45.32326412338102
74.71499040054503
39.69387993162181
12.28318938583747
8.60509521819513
34.865416337006714
38.14063499992969
72.79980069487804
21.138592040196006
22.99289906020166
18.27588624124716
40.41135339020183
5.956876656668501
22.053411453314553
13.970427492811234
14.334398639594434
106.93778070387215
25.627774763139367
34.69370607113877
43.28387869868207
48.98599095034886
25.30146277068871
5.101485194015758
19.279985359591993
5.3713211266978504
13.225038883433838
46.76286816980402
7.327263988294272
42.5658645329649
44.9733585032845
4.487655478569967
19.323691796173826
