0.6374693140462734
0.7534106873734938
0.8323681938797441
0.8453981488417628
0.8943179587460486
0.9127062673762122
0.915479092325913
0.9985340017307681
1.0608540411055352
1.0722226978408707
1.181880434785034
1.2158600588705846
1.21601825690491
1.2567123162088687
1.4047131157349595
1.410866158774536
1.411640991701925
1.4266821196202257
1.430179956087724
1.4398860576542294
1.464415252811507
1.4932365409266277
1.5267511885652076
1.5311972945928083
1.5480230522540253
1.6134902656013743
1.6392144059952896
1.6537000388465635
1.6740449251868157
1.6927080619254864
1.695970070566038
1.7053970517489163
1.7081870570215372
1.709770871393758
1.7442281232065788
1.7574196158386393
1.7626680366159384
1.7673000669223673
1.7738393821994056
1.7796028080277932
1.7850958681028106
1.8286270217440121
1.836240870162667
1.8434710131514045
1.8461950763585868
1.8836295632997981
1.8974227524143439
1.898015384848982
1.9276592718140266
1.9571591933170331
1.9615276948409157
1.982792606035735
1.9853836457581657
1.9871279434713789
1.9921954582436598
10.004049726958389
10.019238853473698
10.031915536331821
10.032043079317376
10.032379196164095
10.032525693209877
10.034972269819605
10.048910689780334
10.050454407602025
10.06008387669496
10.069155504694358
10.075775562036634
10.080088386302386
10.093279064021278
10.110016880207876
10.126977783912526
10.128722210058253
10.130399932240541
10.131815058913107
10.148913361123915
10.153096642832667
10.155152693377346
10.166555477141173
10.177737270407212
10.178983046098537
10.181006302101816
10.184764593779917
10.18828719619761
10.196728163468157
10.210773259923993
10.212776848775656
10.212955587057516
10.214247279581965
10.23041032655246
10.232308949842489
10.23358169411764
10.239154108869299
10.247217605068592
10.249808093833689
10.249987338509838
10.255891291202602
10.257841778608752
10.259405790653533
10.259996765700892
10.263328080899242
10.263454779204926
10.268151513791627
10.270087242649886
10.274071129987448
10.277468840577187
10.281296421862578
10.282856663121935
10.285782192719727
10.298170216259852
10.31858043526555
10.330761867171827
10.33874346163975
10.340006464230132
10.341814128296972
10.35686480055069
10.35751065750255
10.359868800649677
10.368816389153988
10.372588978625704
10.377746715882212
10.378890968793911
10.381249835534133
10.397468793987326
10.40425651597875
10.407564291984073
10.422040052061309
10.425122605920965
10.42783044605566
10.4304402925933
10.430779874533615
10.437398970515426
10.441741098223616
10.447417037570464
10.450166537984583
10.451115389626358
10.455179948955656
10.45646628296995
10.47421463362933
10.50015919060315
10.520450229786958
10.524023447647856
10.531742505117888
10.533062983164323
10.535452809282303
10.541183069895318
10.541354174415408
10.549213021862917
10.558470517175179
10.572310236506443
10.582692709415426
10.585670688654647
10.58651852303103
10.594374035289405
10.596071245037681
10.604384067283345
10.606666995208943
10.609772431570313
10.61037519774355
10.617856854705211
10.617931722420867
10.618507482891571
10.618899910814587
10.619465210771951
10.62201383163611
10.628026338986258
10.628236009776519
10.62960829026873
10.629699913702309
10.636321567038921
10.644608494906382
10.655486643762917
10.662525513957425
10.664203737952361
10.679363718457674
10.688297888226455
10.698790572747882
10.70599613838576
10.721577333379269
10.727426691253296
10.745402904374863
10.749988852039627
10.751227193712594
10.753111123978146
10.754976236683522
10.76556887022625
10.78219254476047
10.783887424006712
10.785311123194584
10.78913458124973
10.79127540961951
10.800239750180019
10.816060239772895
10.827534924742707
10.84172104749688
10.850720011210644
10.861995529128976
10.883343427260371
10.89187295248097
10.892883839818262
10.90970358065966
10.91163475082674
10.923409361569178
10.936077242179095
10.943665405168682
10.948196520456287
10.955225348758871
10.972212827267954
10.9847635336818
10.996169272440163
10.996405257712759
10.997036277803701
100.16602487166125
100.57751252967283
100.59251376613254
100.71944695414207
101.420331982216
101.4533835018975
101.53856953414041
101.76221112909526
101.79508393608639
102.0087097178663
102.21279853640686
102.53187196701269
102.93542799951642
103.187673382694
103.57989437840892
103.63309919074432
103.64007676156032
104.03672260777374
104.18541277287676
104.39050982479537
104.62037478270574
104.7138568123558
104.7597666913594
104.78934092421589
104.86227358449159
104.9768800113512
105.03014169125615
105.1730597602419
105.44160484190219
105.60063028075781
105.78085138503035
106.0153954592012
106.40820495191949
106.41100242541538
106.48096886408477
106.83533514213676
106.8765276975245
106.93747561475699
107.39810211564924
107.44469042661622
107.82369867048462
107.83734898148944
108.0098607675112
108.17924807423024
108.2920776381132
108.6164896055404
108.64042056461348
108.77466029234745
108.84375063566074
108.91022341073061
109.03451392740364
109.11665837284535
109.13668528478011
109.37520803763698
109.60601148308805
109.95134206694632
11.000238128004055
11.001144209904476
11.001579422306202
11.004659350470114
11.007056852636858
11.00774680185874
11.009672632239326
11.011641188415963
11.01864239388072
11.023482573869194
11.027001423684798
11.029746140800999
11.03578119016926
11.039808012608578
11.046642187764727
11.051590021891972
11.067808156149654
11.067839069343771
11.06908398331797
11.079555368053475
11.081324231903233
11.08495083719138
11.089206570662888
11.09845118176551
11.108286397771368
11.113595814079018
11.116909533033851
11.122668963816471
11.125382139874876
11.134676093914015
11.13887423646225
11.147318712152847
11.149410777892385
11.153055208738026
11.153154407240159
11.154290309987795
11.163620152295637
11.173860321690471
11.174701494578509
11.192106620032096
11.20057418316472
11.203094344337611
11.205384762020593
11.210178780270407
11.220490803780237
11.222612920577323
11.225454815064927
11.230132300777033
11.230736344828031
11.230749168182736
11.251512346786166
11.256490206592423
11.259984314586164
11.281281191562691
11.283077171804992
11.286379263622443
11.295238621023206
11.298450387497468
11.307321629017416
11.317506837262643
11.333253904407478
11.338116499870576
11.343878917114658
11.378536216171799
11.401060604862979
11.406340081340794
11.410665922909661
11.413738691808943
11.414721263389145
11.425593171308819
11.436549334147406
11.436719229321021
11.447182774349244
11.448614155540936
11.457175796053482
11.459799144280135
11.464569316236924
11.467843102861345
11.469914145370005
11.4766268131621
11.490131346093738
11.496150638883947
11.496435027663493
11.501256712427388
11.503795148003533
11.50838255835533
11.512256459187611
11.515462047404307
11.515533179798576
11.540193263923541
11.54114822684256
11.54190864216707
11.54817999996898
11.552534570325935
11.561323696707225
11.56321291370602
11.567381719704775
11.572886334969626
11.574325526327366
11.575504477084232
11.581701301037603
11.605463058608525
11.607094544976967
11.607371314337188
11.609644036481644
11.6214552298357
11.628885853032296
11.630270761738565
11.634243901994008
11.635013292210811
11.642999657077475
11.643424384554862
11.644159426319014
11.644493643959748
11.649723136438803
11.656623002722021
11.658274826618742
11.679789492650961
11.683616199297205
11.683717410174777
11.711058834025858
11.715361769176587
11.716952357416234
11.722154077087264
11.725662487910135
11.730264790764668
11.731703344198959
11.731963208022767
11.733787281377781
11.737724237030465
11.737909499283209
11.744825522200745
11.752225617340532
11.767595129617595
11.768799051194149
11.778327754922861
11.78477834303527
11.833657314180861
11.851306379323995
11.853178520663521
11.854024028955958
11.864132524906271
11.88763161280654
11.889707375288992
11.88987669065845
11.892066721802793
11.905669682978694
11.912020272477822
11.916607151825275
11.927360397720173
11.944525959923482
11.954092275046614
11.956052843151575
11.969007232394688
11.980203901868181
11.981363565459652
11.983924179436396
11.985218235560568
11.9860302532126
11.987465333846071
11.993536699823835
11.994355055226816
110.08275721444154
110.27985853983063
110.78469538202212
110.91139134263584
111.10712423316082
111.30091611825596
111.80086277457738
111.9951819117192
112.14649099124519
112.8322653729571
113.31384814584513
113.61917191475321
114.23230315819153
114.38525372903027
114.46786495808743
114.75896525133473
115.49429158911282
115.72715197994115
115.874787092009
115.91703698457893
116.0357294089221
116.26137298146259
116.33908851151274
117.16489343392396
117.2115940813537
117.27045092678773
117.4094080782854
117.70079679388311
118.12861720478699
118.27617085720676
118.48126668851403
119.0746306716143
119.16007660776228
119.3666446615919
119.87061809210404
12.010291132476954
12.037305658197912
12.038599985904375
12.048819380704964
12.051878587224
12.070601543825894
12.070888693749845
12.072582906666938
12.07343716540673
12.109091283370642
12.114943234295666
12.134585359664799
12.13909668166745
12.156544422987619
12.163358409508872
12.167992876929636
12.170129982502234
12.172414550586959
12.175665135913256
12.176168135348387
12.181406160197673
12.18385323974075
12.185438394593588
12.201358463809704
12.202363522511394
12.203175624949719
12.215845386449338
12.22845353317165
12.236621815458843
12.240331927946746
12.246843897679996
12.255755800976644
12.25841018784625
12.259175062240713
12.263594942987355
99.59413096003406
99.51940778858855
99.36855110437006
99.36487293266298
98.65865783182812
98.49846655927843
98.44519137516123
98.02234373552798
97.94989455315165
97.78525434653658
97.47811325506223
97.25013388600779
97.11692168172591
96.98342104666314
96.89085274031748
96.81843794231452
96.71706710151739
96.67796840631306
96.55145044107626
96.4273890203783
95.88545159378108
95.85521950232165
95.84654481664981
95.52887719896817
95.30001125152474
95.22686083187708
95.0916073043312
95.08489349859737
95.06993182939705
94.83473463509485
94.63569184700718
94.62885849944092
94.55906231725098
94.04864077721184
94.0121066361319
94.01102978430607
93.99905511612204
93.79061112464252
93.58821504508252
93.42013372332045
93.33980456461099
93.28452764905508
93.13494594668906
92.7801664248953
92.71975126383226
92.69714827836543
92.61792003314672
92.59888692125094
92.58899057080095
92.56850786218473
92.39015918026665
92.38296956351421
92.35487836599702
92.15746904071182
92.12761958115374
92.01145593074438
91.95691318325221
91.87528674084076
91.68841289616233
91.68156250746239
91.53681393587986
91.35117929085241
91.18103396965965
90.98464067484478
90.93660606668035
90.92662026290228
90.51325058504658
90.42027217353042
90.28565642010099
9.99337356191447
9.988418649056552
9.981958031672121
9.974714600810255
9.974198571486179
9.964888601355325
9.964354777984003
9.960354968801076
9.957318980223842
9.955475130907422
9.937205632350217
9.91067121149924
9.908697272331628
9.903777738156172
9.8998815966644
9.89242356669737
9.887875985212977
9.87992931261684
9.87590804789228
9.866184830535465
9.865905999329815
9.809154658367824
9.808226055016009
9.80558273811862
9.8048883343325
9.804734682021284
9.799580434771585
9.797455975572138
9.788459219714637
9.774179889011103
9.76681154567891
9.744074617830817
9.74118362648403
9.73735973398575
9.737274797801863
9.73719993000067
9.719495780243582
9.717123051879167
9.712620111322908
9.712001328537246
9.69408152587045
9.690678651912076
9.687269236972076
9.68034821458905
9.679213442902206
9.678530048595663
9.671091029551262
9.660730998086448
9.655568620578707
9.645362558899098
9.641289679753239
9.605515852866604
9.596366600650203
9.59241206202261
9.578132199305564
9.576817311625557
9.575281424613035
9.57242489187281
9.571427668375867
9.560942226714241
9.555096668805183
9.552042710153758
9.54536058573921
9.53731168201635
9.526938803955398
9.526256712682516
9.526103904081554
9.523398638916317
9.519340365726565
9.518266239288456
9.515996660384632
9.514675032134368
9.511739716648075
9.508947545267366
9.488849659575711
9.488591518588839
9.488139122700185
9.487736452556817
9.48246848692913
9.441263277063607
9.440859037082442
9.44038135600873
9.437071870022594
9.434859950185627
9.433787952790773
9.431553362286643
9.429275905627769
9.417053966357132
9.407132057752307
9.405601243498484
9.404256129392303
9.396179002016217
9.395417334980937
9.391330939708642
9.351269507983451
9.34680737027902
9.344279093694295
9.343042927016961
9.337569763043675
9.332419257666206
9.332004078780388
9.326934417714908
9.324583709699525
9.306811134814323
9.304899588863185
9.303514760330529
9.302376614580908
9.290476310777535
9.28578305361526
9.278436273248154
9.271338148085091
9.241803663848913
9.240557914342773
9.233693338979903
9.23355644088299
9.222669604730982
9.222007863792513
9.219088088628896
9.202347062710981
9.201671487128545
9.181749726989342
9.17878266221996
9.17577377776546
9.165179556085873
9.161705838924192
9.15379330591165
9.146026651112063
9.145539613236823
9.14417578809213
9.139866316219964
9.13428703935729
9.13107398978091
9.130102063289034
9.126403935443909
9.12008758081443
9.113238993619222
9.11219667741333
9.109599004976142
9.105194501281554
9.101942164052
9.101539962113655
9.08961200844393
9.088707428015175
9.079006075646761
9.07394997991029
9.072160205612054
9.06597112454407
9.056269504671638
9.053239117813337
9.050600581238635
9.04726585306192
9.04648075710482
9.042304692870983
9.042126626100139
9.012750627628616
9.011732431141608
9.00601980317741
9.003943179728962
9.002240668833835
89.96510483422463
89.73887064322767
89.63126067133108
89.59661895992208
89.57233386410336
89.52846068082796
89.4652190120814
89.42005908258653
89.2794701976448
89.24540790643253
89.08210761623609
88.84190009796978
88.6441208403463
88.52494529539435
88.46594594917843
88.35870710064877
88.3494892932718
88.19212766360799
88.04456135372463
87.71972982855067
87.5538404002292
87.54168296738486
87.28361796813324
87.12197212108757
87.10441144503103
87.03334032508742
86.90478701908503
86.81075519806934
86.77870185849206
86.73578900788085
86.7150618532579
86.69493408569038
86.53726662534358
86.43038928635886
86.17086958564047
86.023905835889
85.75303566804732
85.7439501552038
85.74156984848842
85.71636813372275
85.66411643013673
85.66173746353057
85.58024047419264
85.56225530679808
85.3577882677494
85.34284762326583
85.30327782096083
85.18951457357647
84.94969490963076
84.94587155570828
84.80806726356217
84.68228028381262
84.57473468307211
84.52165664527156
84.49055698795362
84.42951594410967
84.40376477503116
84.32253000380126
84.26893136660797
84.1410900846228
84.07402443027652
83.8940060596101
83.77307389961055
83.46727612311659
83.28212496165087
83.2472017397261
83.11797869047349
83.08298355554903
82.88911424980493
82.87014619399312
82.81484812756628
82.77753201547098
82.74794036661721
82.67191280944452
82.59379357730407
82.5450824400081
82.53830468999728
82.4959177916608
82.44082650813414
82.37274183660402
81.77288751921294
81.70995246038228
81.65749833359183
81.59266607886003
81.54391551347001
81.13068446617518
80.947626835394
80.73650690253318
80.70348263513367
80.41626984346506
80.3356852126892
80.32769544909561
80.27657480612318
80.25280137300422
80.24152072536162
80.1051249001082
80.02055458402701
8.983183433443276
8.979122791329083
8.978978520434415
8.964324170630302
8.956776229339967
8.940835461535542
8.93762289919926
8.936799706364937
8.934811281328951
8.909119929915562
8.903063897277455
8.895303464967693
8.891108908104655
8.886189258999106
8.88357795646585
8.879644115287107
8.876483260523248
8.871118320432215
8.870086350638296
8.86895402414463
8.848916849435703
8.848166022113507
8.839514468841259
8.838106613757354
8.834892583118734
8.828893090679143
8.82821671932713
8.817999505895957
8.808755356634606
8.803123443340438
8.801613792716289
8.800228026970574
8.798765373131936
8.798106733284802
8.793280989582358
8.79209653036273
8.791228435538548
8.78542228459874
8.784507035584305
8.768746133651241
8.76415269882096
8.757521568008546
8.744178467027902
8.730840126783747
8.722547716875741
8.713703298083304
8.713341090687043
8.702100906821135
8.701161221092946
8.683409557818257
8.677600181338152
8.676733084362821
8.675026587555598
8.674257975595024
8.666837205853147
8.663968467253857
8.660734522882432
8.655703613803425
8.65470798013588
8.650704548879679
8.648307822429754
8.648104515830703
8.635020625164609
8.632444341624993
8.632423539133102
8.63103745221073
8.622569030583419
8.620102063278553
8.616530821374104
8.599634690915366
8.585656635410752
8.580986559157319
8.57347044470316
8.57163552442809
8.555452293794074
8.552275176542222
8.533829082042088
8.521876576633108
8.514939325992543
8.50936411303787
8.505509723963604
8.501886328728261
8.498860093688316
8.492152607932116
8.486882494617413
8.484335165030865
8.483950583111348
8.482693751781314
8.482018968662134
8.481162953198744
8.480773210252046
8.473907624254492
8.473505233615738
8.472842214986395
8.47180083041748
8.468625162687001
8.46467084335983
8.456863311350014
8.444132818295781
8.443561445973327
8.437118684479668
8.43431515068746
8.433872369223337
8.433479206206329
8.417625190075926
8.415678548851968
8.413978820555032
8.40311895765417
8.389758513639913
8.38105320948283
8.36878647825345
8.357330364338598
8.350656913623954
8.34918187392329
8.34885607150774
8.345823089828347
8.345401046662582
8.3443308794416
8.333516298195484
8.330126087419698
8.314396843180166
8.307775599144637
8.2928603125425
8.290861634732542
8.280142384179529
8.278445374934668
8.273214894580187
8.26236482958127
8.259462426847952
8.245094510184993
8.239155638158506
8.233360820724654
8.224701163405575
8.208519087375718
8.204005222712196
8.203303406872479
8.194264550745597
8.190905598701828
8.181124197998633
8.178911495357656
8.17881175693869
8.165142333719475
8.154476411874176
8.147559395139236
8.147502527479249
8.138387779767543
8.131165176041723
8.126311219283608
8.117879965576197
8.116864415663843
8.115520355748428
8.11177803436366
8.108392789142894
8.10581486896165
8.10145819684131
8.100463515727405
8.099917024096015
8.099204578831111
8.095696214460183
8.086812354818841
8.081325419342459
8.078516863479392
8.077688422425206
8.07634725542596
8.06463187404726
8.058936890391013
8.055772896146866
8.046596706733546
8.045407540344545
8.042305319972163
8.03929907559455
8.033262219016612
8.025135835825061
8.025064787672722
8.023803157515221
8.020162663183658
8.020081648250452
8.00406920367661
79.94638733159381
79.93393911412252
79.92009685934157
79.66989052608035
79.56871815831458
79.37181412293504
79.25256277286222
79.18994317680219
79.0463703540907
78.42105523896655
78.38017493272307
78.34577382994277
78.16224213046955
78.15998435629726
77.85767710810751
77.84097324590243
77.53225106854937
77.49889335941987
77.37746303221282
77.35771844806021
77.10105183384745
77.08805380614805
77.06107379053597
76.99278875875213
76.92718079813453
76.86686955486336
76.81559757882437
76.6411536261013
76.61691840676073
76.47860659393723
76.35405034329254
76.18803463510068
76.15123714604128
76.13532493930124
76.07256880442311
75.94860061803428
75.76238090085896
75.75030293047377
75.7412232428289
75.6472629021781
75.58864349240434
75.44020883542998
75.43933234509164
75.42585488262442
75.40053386546086
75.19347407738867
75.19342084014318
75.16715756945487
75.16273516904334
74.99121646306082
74.94009426006612
74.83521177223605
74.70443665103753
74.69925192078
74.67226061032466
74.56994490422416
74.32926160938395
74.27296834075526
74.19123503154836
74.18303948941576
74.08940623101793
73.99392101999644
73.83381765890888
73.81822244528603
73.72321456050422
73.68654622887304
73.63703170829201
73.54937820241193
73.52984780597275
73.46767745439129
73.39643594558878
73.3448624261918
73.2998110745622
73.0950753742649
73.03531124597208
73.02231203489788
72.96305178389258
72.91528310381376
72.80006368278735
72.7792148124428
72.77537855807817
72.76163969323868
72.57524026548171
72.56452896065596
72.39242685421202
72.14694348723177
72.13014299029423
72.03537864932392
71.84776506295563
71.83273303335207
71.82631106809306
71.64050850337175
71.61156055504678
71.53293783914212
71.5192024719172
71.47138982752641
71.46212220050664
71.41431906078475
71.23596545188292
71.15051238586567
71.12264769799293
71.05179878926815
70.82014267748504
70.81927963542888
70.81023050910261
70.78082279356562
70.53826391919334
70.52588826372788
70.33422242775461
70.26081507073008
70.20347525939727
7.979311664235398
7.955992106029772
7.9516606031499055
7.940035271987656
7.928148543627831
7.926412138082849
7.918772933859666
7.9132811282442335
7.906919322549077
7.883976170381482
7.873665735705123
7.870151278558509
7.8679491152678365
7.867243322218823
7.864903992309625
7.86427924721124
7.863577907493199
7.85703946252921
7.839840663698105
7.832678654286283
7.827272749464589
7.819599853863863
7.819452859086935
7.813009448001182
7.811348308343123
7.79716813155571
7.792984680953857
7.791626381397219
7.782370227935143
7.78082769204443
7.776458462546022
7.770437648991997
7.765225835130107
7.764620226307341
7.760552410777147
7.757293504114563
7.757004341069886
7.755365567684401
7.74602478938343
7.732047731833437
7.725483798148729
7.721464817613697
7.720432468050304
7.711625707268606
7.709733796692394
7.6959826638617725
7.684848352798221
7.675765528929675
7.675229066203679
7.669699947827513
7.6599228546804214
7.656443398524799
7.653707628705388
7.644029414688234
7.641641759285679
7.625045342221777
7.624823463817047
7.615387584619102
7.608792222555529
7.60177075775765
7.587614277946067
7.586859352656424
7.563523380945711
7.560949972441048
7.5582001184175045
7.553712745289877
7.55344393807303
7.547632636006292
7.547257217075523
7.546456370082907
7.544909129075127
7.5411921932131625
7.522885322335781
7.52184641967448
7.5130693930209205
7.507992404648465
7.5002451407574995
7.498279217745028
7.4972768522990005
7.490244298620566
7.489383256342303
7.487124790164914
7.484477776397792
7.482298534049102
7.481613190928852
7.480933925360926
7.4751372149326905
7.471621037581958
7.456390380713126
7.45178226884026
7.446488373168809
7.443963023751501
7.443158424925973
7.4413142199122575
7.423789545242915
7.422169592657805
7.406086775261254
7.405155885772759
7.402267879760633
7.374744766163467
7.345694492232298
7.344846381806482
7.332474658274462
7.330214303666591
7.323724179459981
7.321370427615891
7.320477421447722
7.31937022939481
7.30714234279353
7.298172720586946
7.2764280902231695
7.276319831537905
7.276224895635292
7.274924683292857
7.272923742228267
7.272610712436617
7.255277443790207
7.249598776385875
7.249048988335304
7.233425868064457
7.232573990180834
7.231221084077121
7.224612591732535
7.2148514277751525
7.189085782266143
7.188073871775978
7.1852021773735455
7.164803354420036
7.143020117112302
7.13567302848138
7.133512888655022
7.13254131560094
7.129004089272925
7.124089953014119
7.116375505456367
7.113368972971024
7.0990796144105195
7.095155515073035
7.094288514934098
7.092210867221885
7.091260121375945
7.085122419383288
7.083116289891298
7.071237586959903
7.059103549379929
7.057889537338421
7.056385046070073
7.050643142714399
7.042003921313922
7.040779466502711
7.038122182236396
7.0374440996416565
7.03294664137371
7.0289105762626045
7.021510257462645
7.012208893189036
7.010917071001413
7.004562690277253
69.98807953445372
69.76319974982844
69.47354951706573
69.41388766801876
69.37524552298022
69.36617575742157
69.31961072169221
69.11113468688522
69.04586971194398
68.96230348814137
68.90138268184393
68.86507356738095
68.84744222682662
68.82876095132008
68.69569933395634
68.59959888118934
68.5750893596272
68.53210082355504
68.51946591958468
68.47035981185829
68.15556465886631
68.13205272078916
67.93474396725831
67.87104951889569
67.85889121445072
67.80142774163933
67.75407232742327
67.74252901898896
67.69933671700109
67.68841441639167
67.5967932711599
67.57315947950977
67.52869904909548
67.51369485693668
67.4204318474379
67.36300782328074
67.36250166092346
67.36223184973403
67.25837749803674
67.21606686605105
67.21365926985428
67.17060177574659
67.06589354876618
67.0590695299332
67.04962732220038
66.96259802084467
66.89850630159582
66.83155996520424
66.72744688261722
66.68222688179277
66.45082413556008
66.42820911536224
66.3952184832355
66.24297722810928
66.23338273035019
66.19211168088282
66.16258577046274
66.1082975655853
66.09582340694276
66.07333055577139
66.03746656052712
66.00663987791005
658.5768973469468
65.95685449554472
65.87872403481444
65.87160756786773
65.83836151373583
65.78933237995486
65.71767137890052
65.62011034610401
65.60151499029534
65.57938099987112
65.48213422289415
65.4261670558838
65.4131993920758
65.40956035056686
65.38459577850644
65.34583030666516
65.30214928438072
64.97857011803748
64.93294042965978
64.76646159455247
64.73046338397202
64.6422871540213
64.63348767273845
64.6280239853121
64.62712141533503
64.6040413551625
64.59148377551341
64.53908314610179
64.5058123273442
64.49757846802687
64.36108522107575
64.3259986366853
64.277409161614
64.27411959925524
64.20282762721419
64.13419577189383
64.12616651336194
63.993530259548095
63.97081690398555
63.95657418752603
63.95189427246355
63.88806357108525
63.88257641437772
63.87676175812395
63.67147775159502
63.62272164556296
63.612856585762245
63.60626759969506
63.500014689291696
63.48216917576376
63.477187352884854
63.474585239728064
63.367671893559084
63.35573863045509
63.26847784442689
63.23824369063469
63.190961240461284
62.92514656111044
62.87359297911776
62.81538905201698
62.77301794822687
62.76625481694011
62.69120171150391
62.62201891643094
62.56493446553397
62.52557257004267
62.51446506938178
62.463594588638024
62.44004488003467
62.416374818190256
62.379328570731005
62.37460552507082
62.25694390501124
62.23766348106844
62.23482213250927
62.2263424351236
62.197926955348834
62.030763926517274
62.02070406992291
61.96275155484003
61.87364666793351
61.865879348359265
61.79416041826306
61.731744839681056
61.724817808354906
61.45278570249702
61.44888537774652
61.3987491866675
61.364077340618586
61.11768581353543
61.11013745098074
61.10270136530419
60.958639125133935
60.939847549290995
60.914765255596365
60.787921468419135
60.77444498106044
60.70866506918179
60.64515308103395
60.55241448704354
60.48117923755242
60.46599162215815
60.465726062545805
60.39681148300934
60.39619568271078
60.27097173066925
60.2110292241918
60.17402340101662
60.162583725832036
60.099815215796426
60.00711109133737
6.997441670376589
6.993073082213462
6.99195424618052
6.990861479074707
6.98234850345791
6.969283453999377
6.953188163846797
6.9417900683739795
6.940967435102384
6.9385462192561045
6.920390791468229
6.906440937142968
6.898262018023315
6.887863709502081
6.8719393234603645
6.861007766579675
6.8440992335765785
6.842966856019488
6.833826667807405
6.833225843838345
6.830039240417213
6.815396145702043
6.812130638688433
6.809885152681724
6.806458329248059
6.800684500525955
6.7881623227609085
6.785264518761198
6.784213455335403
6.783458925100665
6.7821997194263455
6.767785433804006
6.765470866854245
6.7474884507189605
6.738620877333321
6.7310357220316215
6.726767695925969
6.725421519122123
6.722664717449873
6.7205486961390655
6.70699468619666
6.702666555221001
6.6988845245461315
6.695096730845069
6.693720627862945
6.683000936741707
6.67044388503214
6.669249455083302
6.651997602732114
6.6465734379942925
6.637749008646897
6.63438761284182
6.627635681350948
6.622392555749816
6.620611233917227
6.617957175616188
6.5909683722796
6.582650195878785
6.572007525609223
6.562395633366165
6.560995809132103
6.55521025851422
6.546578041694452
6.5371935336544835
6.531847795456445
6.530518331940365
6.52708378691948
6.523380499309631
6.518417754851258
6.513390924087666
6.4854037365532005
6.480454126394602
6.46444781533921
6.4644439250025805
6.459775229559391
6.455559976222443
6.45311557335142
6.4216787437115626
6.415843289887489
6.412970124571281
6.412949636335838
6.401354042927386
6.400251630441598
6.396308473716098
6.386346824666305
6.358875344833552
6.358739595463464
6.353528312256335
6.3487838082626045
6.341673583374518
6.337682124489721
6.3356790057764645
6.32589691271434
6.319186352093867
6.315915144414672
6.306616715343343
6.303347993451076
6.291311700796081
6.287951493121915
6.286324708993511
6.280491798765682
6.274259177040291
6.269429557198291
6.266988737276211
6.2665722741852825
6.261245741238988
6.258079211564047
6.257265426980435
6.256903754408251
6.255854089176019
6.238725575838972
6.233636735414508
6.215072777476525
6.213450501378641
6.212089004484028
6.208889940989589
6.208771767435726
6.205473550034162
6.2051779564992104
6.204893044109611
6.19999404719126
6.193672528907046
6.186408551421261
6.181271758583276
6.173916177154667
6.173411820131616
6.170561856860688
6.170036464606499
6.167821415254487
6.166003628827835
6.1642170211506135
6.163083904744236
6.15763819188089
6.140182226716633
6.134745725948981
6.127760184389197
6.125331838389769
6.124997048583815
6.1205893549111705
6.1168040499465395
6.115033148404824
6.11279386551053
6.110093490479646
6.107766358298074
6.106548258852745
6.10124998082974
6.100868344832991
6.100463846932951
6.099070295378793
6.093582851831489
6.0704707652257435
6.061099292651957
6.050244379393768
6.043196032750504
6.025608470873111
6.011832819951173
59.98989689160091
59.97535462445829
59.94926219641413
59.91758410809533
59.902831365880104
59.86429565027254
59.845662441194214
59.8012035772635
59.78826729905264
59.76128064245259
59.5798975477602
59.575577029896586
59.368854508763334
59.35989319120078
59.26359404057859
59.147380458932645
59.13327768322146
59.13295919717725
59.07582739534742
58.98508529443085
58.90191159797137
58.84578658296333
58.77616054338349
58.74380794624266
58.68174131424043
58.55910512290433
58.43821562686355
58.411997181129166
58.35851597023576
58.2447740549882
58.23877012114765
58.17089182005697
58.099279479803585
58.092434240119104
58.03798517344621
58.02319693361518
57.91997794210697
57.84955317579387
57.84437226966857
57.80346761201
57.77537905595256
57.702103850576286
57.69770884248591
57.68385813958441
57.63679964590505
57.62628961724827
57.56594806411463
57.505449379363505
57.297472857423955
57.15058898862013
57.09309788608728
57.02972569380633
57.02482223832549
57.00478360233558
56.98225577428907
56.82341484055277
56.68182782473761
56.66760672806466
56.663837240976264
56.57130329701484
56.55309311788127
56.396001117181356
56.25940970431557
56.240520459811805
56.234643492671296
56.18767803639073
56.15054110961207
56.12080908216505
56.081526468936836
56.058503811516324
56.00575282794969
55.825436687825466
55.671780040868605
55.650065373448804
55.62487090778683
55.48445116095315
55.40702499878705
55.3769976778367
55.364220649540464
55.16674628852987
55.116060376391076
55.076045204086384
55.041991380790506
55.033054061097346
54.975731600379845
54.97518199846485
54.93531315676648
54.85323549275696
54.84300933283796
54.78885326325072
54.64489850684002
54.577232751800125
54.57237917555411
54.47110193947698
54.44685202673125
54.43887371548926
54.415048571340854
54.393484971815376
54.38882767751166
54.24476780662418
54.23041791845001
54.22284871524344
54.105568104634855
54.10247524706956
54.063278755534164
54.04283909791
54.038971615478395
54.03897130011741
54.03375015105499
539.6935335660984
53.92729900096604
53.87202907448294
53.76339547462253
53.67137916125633
53.66454685157334
53.63909330389719
53.56975859934335
53.54458399222265
53.52838999472713
53.47482009408554
53.45670304147604
53.3300402095665
53.318306803366774
53.31260077303898
53.31111765862678
53.29906277171846
53.270856651247584
53.267845730191226
53.21122025487673
53.16207033397067
53.15672839539274
53.09373505314315
53.07079028251135
52.97072094155049
52.96266209689721
52.920022645942915
52.915823621881074
52.89876495737821
52.78307002382422
52.76195092639126
52.69026336130723
52.67719333176775
52.58779065400201
52.58569440580389
52.513117497315214
52.465577040042774
52.41095977245869
52.36195713751251
52.34525874521604
52.33020088365175
52.2981552500534
52.277841863251524
52.204811203761984
52.19826999194481
52.14618878415955
52.12060799430476
52.07058328767927
519.0246756714237
51.89470405291782
51.86225652672059
51.82435455367605
51.814891836025105
51.80528892654019
51.798635353987265
51.651861309166414
51.602439352346735
51.53685018633108
51.48439145160766
51.401762653157256
51.39235790397763
51.372731448216236
51.34272463315958
51.32319265667653
51.19423980044981
51.16259568960887
51.10911502110241
51.0694272376573
51.00042505376631
500.6994338069454
50.9892910099286
50.936276908130786
50.86468519802496
50.83512378252779
50.75749670201273
50.74847927295384
50.65732408821084
50.6539237501302
50.63061385508234
50.612260889929345
50.593505875969534
50.57058485234093
50.53949500285579
50.47956130516245
50.425464727787116
50.34592092706153
50.32555853907316
50.31953893998706
50.3065435128069
50.29472104052809
50.26451832408367
50.14336347995573
50.130520014530404
50.07419286583984
50.03739591314843
50.02048561667918
50.01796582088091
5.997440412782471
5.989870542930754
5.980815405286677
5.96850226703141
5.9593255228276805
5.953242219793191
5.952126478951615
5.9466685511842705
5.9449138578634795
5.942810489491199
5.928807322681691
5.922891653574956
5.91718509625283
5.91038420185137
5.909859592259886
5.898605859479446
5.898498628716743
5.889052876772643
5.884596724496259
5.881820690574144
5.868689897015943
5.857753033804472
5.852245689861287
5.851432375622406
5.848289535446678
5.840404407789887
5.838916809894881
5.837285482705968
5.816906521713375
5.812217775320941
5.800967595051367
5.797320236730866
5.796541480367705
5.789924470488216
5.760774460235521
5.750007756076446
5.748114569470008
5.738584731116559
5.735843387665685
5.724108854149241
5.722895113388879
5.721380833505166
5.715896274020211
5.714366617431979
5.688158999351721
5.681984914328644
5.67428464639329
5.668391121364856
5.66464857638113
5.651506867512524
5.650814794659622
5.638169822472451
5.629924222610326
5.629521734352545
5.624050141480099
5.618317035612376
5.615805590741388
5.604555648497278
5.595346503581097
5.588473386283461
5.58745742009464
5.585879925956658
5.578270173737144
5.576746667498781
5.576557090454203
5.567658925065295
5.560987506539967
5.533735482704745
5.531432850079686
5.526870196794871
5.523735318438434
5.522085388625441
5.515405546454974
5.5112983393651245
5.510709136931286
5.5039604733115555
5.482469294836213
5.477195446707786
5.46935413100702
5.436384894837696
5.421122751433147
5.420832768408297
5.418666949777708
5.418453388282596
5.411373218215285
5.39625281646659
5.39531083678179
5.392965529883591
5.390235693882791
5.383071783887971
5.381738235853661
5.362875195219024
5.358956753698318
5.337189880589045
5.324288266286955
5.3221443606541445
5.308741748942395
5.308270198388157
5.304472312855092
5.299519705709578
5.288607581830107
5.27879953412662
5.268485359301301
5.251594767350807
5.249062423512572
5.245184336354147
5.241105442555431
5.230630124301834
5.230554387434683
5.2156593091572185
5.197100778972449
5.192984585818132
5.190398245097432
5.190278075874724
5.178366337257484
5.175483618604642
5.1719494186277535
5.169227674611672
5.164414704223272
5.161113659326295
5.148575415925829
5.145155339021735
5.135594140805613
5.123100017171857
5.122974575702098
5.1103892569220735
5.106111317835385
5.089790104171393
5.081626442273068
5.080844765878099
5.0753420044158695
5.069208127424967
5.064146222936524
5.044334777013643
5.017996086631878
493.25794890847476
49.959000241610106
49.8797220550414
49.83511719271268
49.81498889983111
49.764052656046324
49.738786523511905
49.68240376100425
49.666191016916
49.66549391946373
49.641571397574054
49.628795495358084
49.60246149513868
49.53849108461446
49.48485597978536
49.483328156717135
49.46747728017336
49.44706266667407
49.40610025975694
49.40183641151113
49.38691697578066
49.386677683098554
49.370924549953436
49.365185430353456
49.35481869720662
49.32288608777819
49.28070691107023
49.2198177088636
49.210770646613184
49.19955039748364
49.17179238973969
49.10088690654184
49.072454478979935
49.03263180961071
49.0270756564303
48.89711589417662
48.85782448252136
48.82312946753322
48.80686266879642
48.78369558434616
48.69147341987272
48.69015460695183
48.65401293167736
48.65083191515179
48.63398268110112
48.614803585340454
48.60893362691768
48.604311126909224
48.577024063454786
48.53162616582619
48.513346692513316
48.48760718065614
48.42756319661616
48.39232411656627
48.3918180676384
48.36026067329543
48.35990597486715
48.35248742179861
48.337027317914945
48.281608771484294
48.24673850483931
48.23439473167053
48.20157948954074
48.193269222384274
48.19129115616761
48.16758944364955
48.100495011611834
48.087281995217495
48.086686498218164
48.08091988178486
48.07188326864382
48.06900891201171
48.044779706574936
48.04437353751544
48.037050610626515
47.9980236486898
47.99313901383703
47.97624379471789
47.96501720356575
47.94288230950063
47.93381591901566
47.87479037197452
47.865700332897454
47.854288466490004
47.84873439612909
47.8381467248243
47.80106229245855
47.801017831158745
47.784516321593706
47.708478891601615
47.68075734712063
47.67797356134315
47.64939720261914
47.62543381903627
47.58725605396221
47.585017298799826
47.57719401610611
47.56632684847368
47.55689493037903
47.437098171840695
47.42173069698027
47.398617060730416
47.35921660094341
47.28720988232329
47.21765858509906
47.21387369517818
47.19118930130486
47.18510071613556
47.152735209382
47.15106370816558
47.132427966843416
47.12753043759291
47.105202279195225
47.0798939844516
47.0654305499108
46.98695081215961
46.85438014464986
46.81272954336193
46.77687124806569
46.72652305785969
46.68523408132687
46.64766660821522
46.61617919794626
46.60015109418016
46.586265871906136
46.56533413878691
46.551354732518554
46.52126865585803
46.45584466002529
46.42906209037238
46.413012943921096
46.4126885117638
46.40607460043575
46.28493812567988
46.20611861781017
46.17404717191118
46.16661027700969
46.126837932758335
46.097606093491386
46.09067489485043
46.081649581680956
457.86853130818236
45.97160964603689
45.88812034768411
45.81164083997676
45.78242038933818
45.7804721345935
45.653365266801075
45.62847091317688
45.59012601006862
45.555234401970964
45.55124982130399
45.54452921203778
45.52760381955065
45.46726574733591
45.445288658894846
45.408712044063336
45.40093613292443
45.28832950487227
45.27912959302287
45.26734047485356
45.266573597931206
45.26202944581322
45.218129108513075
45.20852076835395
45.08101760338141
44.97949699792882
44.97894164916669
44.906341075765084
44.75052313407822
44.732974621297856
44.72911556434852
44.70120659643009
44.64836054250264
44.611941958461756
44.56901918303997
44.50684910320103
44.41971382242269
44.38396027156901
44.35104889818375
44.34246140529824
44.33816915859571
44.33695131976281
44.27904473541939
44.24686839811496
44.23324322543664
44.149002507529815
44.14600231122263
44.058804364000686
44.03792129213687
44.00658249340302
43.95790130161526
43.951978000237226
43.889834595357165
43.869104698915386
43.80744007964693
43.8045843022555
43.80442296008381
43.803968333255106
43.79125650584632
43.79009766307225
43.771590888235245
43.76718750156398
43.72884497428223
43.71394122321119
43.70530396155184
43.6337442209641
43.615441944712785
43.59688771344621
43.55260317847005
43.48872978376914
43.45999764649247
43.42883179519862
43.386119122643336
43.370608163533355
43.367992941515915
43.33338760225198
43.267863860342835
43.256057962034824
43.24208793408319
43.21060456200693
43.20521208566944
43.202166030750234
43.200142841751365
43.19663814389261
43.17275249394717
43.15379147689416
43.11621751288853
43.08248250127529
43.079938322135355
43.074941961958864
43.059016430783004
43.05558824580916
43.04688206356087
43.03863033663983
43.03248585262749
43.030308536964306
43.022531781900554
43.011073985512695
42.93553767100627
42.9198158896056
42.91632020770311
42.90569514433398
42.90402022221238
42.84660541396387
42.843889448742864
42.82352329347178
42.80123844287995
42.77942357547194
42.7790445788943
42.75519729702964
42.70473799447728
42.67918929697837
42.63105653709623
42.620412730812866
42.59023903425834
42.58066406257648
42.54333403973246
42.522936012980594
42.482440077370796
42.44101367256241
42.37139580879027
42.353195838999405
42.33580532001967
42.33126014768026
42.30066024754832
42.29340474922442
42.26653927007071
42.16228398979647
42.13217224749577
42.12988042697424
42.123133834989204
42.09433943155388
42.07018145450299
42.026256388668365
42.007172702521075
414.5171676627314
41.99631355214347
41.983966090718894
41.974041445140976
41.95418836196297
41.92777180903176
41.92720031694055
41.8659499937097
41.85405513084186
41.83438837317657
41.77187274622351
41.758171279265525
41.752650764068996
41.74797535662352
41.73034529902041
41.70735367978187
41.70158220864461
41.67977811500813
41.67302849948466
41.63766682399587
41.62535750191315
41.553528182432196
41.51774272082975
41.50710216982244
41.50064315979249
41.47936230078638
41.47372840288124
41.461639363373926
41.46085752281926
41.438782536535314
41.431277302851775
41.423930010726615
41.409530519156604
41.379162816736994
41.371770990873365
41.3435741092911
41.336699924164876
41.321960867919174
41.258054585219114
41.23432754544495
41.17327906240065
41.13774388929536
41.13281665266377
41.13095161336299
41.09063510086613
41.0882348904731
41.086104650646774
41.0343219610063
41.02330661345702
41.02135199087947
40.97447502809201
40.92580530252543
40.86137810064622
40.819234456078455
40.77685422631859
40.74999398868627
40.73434035114487
40.70098428797095
40.68916762481434
40.66924537683427
40.62112424270049
40.55823698270622
40.53268317769807
40.50986710682852
40.43453258319058
40.430939163560865
40.394094042278994
40.37719828922074
40.30740021839405
40.26134674925636
40.258973398160606
40.233712610311876
40.22845835522567
40.20810709127231
40.18806415353738
40.1527230419645
40.140234686867416
40.13269658893462
40.13067003296659
40.10424907902854
4.996587844780852
4.993063621314046
4.977638417640851
4.973486255780907
4.964308945301748
4.958208032839967
4.947719313425108
4.937824646283886
4.924854919090249
4.9239475762933145
4.917941852244652
4.916972029730173
4.911511420418668
4.903919432207086
4.899973241731843
4.890241563351305
4.890190332628542
4.883915523573525
4.8792371602254745
4.860287579245958
4.859888454143143
4.856026820793177
4.8552883058191085
4.833987552455449
4.829748588470892
4.825494233077647
4.8107755259067195
4.80423192312478
4.802233985065453
4.797176782650906
4.785646881844728
4.780824398603351
4.777482506026629
4.775048913263079
4.767062248134185
4.750673988932587
4.749273847429378
4.747891614171996
4.747357606940355
4.738792027969831
4.737480246187781
4.737168900388459
4.704762978669194
4.70343433653594
4.699206501738392
4.698269407862535
4.690336115884577
4.671830803752669
4.665281382323876
4.664628279349414
4.6635326443736735
4.662034418129768
4.6528153535955825
4.648473414946914
4.645429341267097
4.642917018868296
4.627316384898204
4.626695760643866
4.622711225007088
4.620421763139579
4.602210226835644
4.600290602185943
4.598293566096114
4.59351052027577
4.589586677727707
4.56411079493617
4.555101266416851
4.552873525569627
4.5522596955554535
4.502634059860283
4.499702251556766
4.498190272734641
4.492584077054878
4.487365841686908
4.454039135925939
4.438483955129074
4.426292415843036
4.420872581924862
4.420831250535971
4.394975746035445
4.382797439880396
4.377512311724988
4.374624895975545
4.372100473754648
4.359931666399609
4.345824581017544
4.311200922954502
4.3068610448431945
4.301003699494519
4.294662516702798
4.28643303896859
4.273238964981051
4.2720765726439005
4.271247059523443
4.267055306333986
4.252430551129982
4.228677111620079
4.210272761023844
4.206090323469475
4.191465999468933
4.180098053219035
4.158650131410094
4.156748259257807
4.156287217818605
4.146747163832846
4.133254080407082
4.127979097878106
4.126982522599643
4.1195608361671425
4.118382676495201
4.096192003553768
4.0828285917811336
4.081978742609062
4.075635431985562
4.074942333384811
4.051751237401855
4.045023272269188
4.039701829293618
4.030637985668291
4.028644248707654
4.018666192795719
4.014883276030719
4.008302716581515
4.004820749705737
392.40057811481427
39.89509444958629
39.89471371869949
39.88272292091403
39.85713178585016
39.850617638385906
39.83957893920544
39.77288370527713
39.760576038681215
39.723879593568554
39.694702749984685
39.69151076007644
39.61247665443177
39.576739466920166
39.500425909494446
39.490162320989455
39.48369182718917
39.46989954037615
39.464701930524086
39.463733757576534
39.314471716242004
39.27252233088534
39.267437345268526
39.24159381068602
39.20362638338639
39.164012143723205
39.14178588462289
39.13362325956887
39.1143602841058
39.10723527594364
39.10580265430432
39.1046424247744
39.074157479605816
39.06760252935649
39.060495250605285
39.040980709197214
384.1274038967662
38.9560721703231
38.921247212010584
38.89992978267861
38.833430417813815
38.82222791629631
38.82052951144277
38.81218380466297
38.79943934539096
38.78786500753699
38.78170192412425
38.759327518855336
38.757688340380476
38.75538661064402
38.734042134565065
38.72433147618534
38.721082532095664
38.683926537808595
38.66547813271914
38.63237913931773
38.61672367328361
38.583820823714674
38.56057295333837
38.49648665103207
38.44815906093215
38.44212688644093
38.434059567035845
38.407071844368886
38.39487224470509
38.36996082974267
38.35084551235584
38.33336515517187
38.307729747686146
38.297397381068286
38.25593262403467
38.25229939254537
38.21948018072497
38.21776886896147
38.2139496440173
38.21065698799354
38.20055476158649
38.15523106626563
38.11553516161471
38.11136860107855
38.11045331439593
38.05936262945949
38.02367769907873
37.95797609541675
37.952789117127836
37.950911228462125
37.94778178121638
37.9324465111619
37.92291403581718
37.90624915572373
37.90394517350302
37.89119027751228
37.856534281774316
37.84238595001714
37.829644164298955
37.820732477250665
37.820649710829784
37.7804151962375
37.77060128910285
37.750854995223996
37.67954633168183
37.671754810297
37.667612935394125
37.66631913087882
37.652134083775415
37.596233251668494
37.58439755587913
37.57598941929807
37.57274897781811
37.55863431126312
37.55403551315535
37.51157358244594
37.50841620062518
37.50646224839052
37.39807941446724
37.379434879422185
37.353692126300366
37.32496520261135
37.31764533869935
37.264549148462166
37.23791881730632
37.21443951889706
37.21094283106418
37.19640881852109
37.18216571002013
37.140265900933144
37.13768138746143
37.130055968055295
37.094191841350515
37.07092447547084
37.05096630963873
37.03974820185982
37.02055554325647
37.0030621934176
368.3677698655015
360.5863752340854
36.95524246559156
36.930074499812285
36.896412149657245
36.88053483000721
36.876501959486134
36.87205822174606
36.85379317364676
36.846580073869134
36.84209381783472
36.83192703275031
36.773959299814585
36.7715144006128
36.76512641524102
36.75854585692498
36.7571442838122
36.756246009769455
36.708575510176104
36.703692983608796
36.70049985789962
36.681723251691835
36.67677645669392
36.5612803375169
36.55312310450007
36.54460920911181
36.5185100300513
36.51334113344063
36.40336294825214
36.3892086744112
36.38787617967076
36.38474468384322
36.37612620177158
36.37372260726393
36.36738292623218
36.35576623852716
36.336783515649515
36.33436884924826
36.32303375369719
36.30047097717736
36.27885976046103
36.246657617188376
36.152404040175696
36.10800470397803
36.10006899808331
36.06612980524595
36.03883664891557
36.03053803857408
36.02829468300801
36.01979526219407
353.98884743491675
35.99908120209315
35.95851120958116
35.95271937674742
35.87353576120824
35.86152863544798
35.85871981189818
35.83369126171972
35.8323761584667
35.81307763204367
35.81286780971237
35.74659322901599
35.707002090352574
35.66782638806534
35.666427725824725
35.65269366043938
35.643403078299976
35.63371154381676
35.58618930737638
35.56116190614023
35.547584556529905
35.54669932362106
35.53365651548436
35.50952324073914
35.49909805671597
35.47767007277128
35.46906635123335
35.448632846288646
35.38590634449457
35.35870397644111
35.352465470956695
35.345906219223096
35.34245330976756
35.280579578995905
35.23749732629064
35.23611778267256
35.2121789505493
35.19882540736713
35.18926669887462
35.18546553194854
35.18346314354384
35.1782947202258
35.16963993442951
35.16166329177449
35.15911593113442
35.141509017082605
35.138173791211585
35.13362373156464
35.07638022979549
35.049138235648506
35.009559152403824
348.8772014387025
347.4787881074429
34.922462417864836
34.891970149175336
34.891478281499815
34.87917761183656
34.87871716257872
34.86956839719039
34.77938588084604
34.777500886845004
34.76946896600276
34.76324962465717
34.75823806264435
34.69585265419959
34.688501214020725
34.68227621026812
34.633575685108106
34.61220401680544
34.593365805556495
34.585251765666364
34.576551709186205
34.54225468489861
34.51719783057754
34.50714788921193
34.49078331229309
34.42016197861814
34.41912386863745
34.399192904672574
34.36224618726469
34.34738359462793
34.33965797682352
34.33228489835346
34.318039705886065
34.30143724953652
34.26909540090695
34.259046545132854
34.255869398761206
34.241622585534664
34.23227699976672
34.227657157434614
34.21523104552507
34.21055023214337
34.177369998410164
34.16581384016345
34.14543311974871
34.13197775343339
34.103869819039204
34.10071981597101
34.092071124756096
34.033765637354726
34.033514827212954
34.03250381209518
337.78680353491734
33.987231810952196
33.97919155435711
33.96375080305994
33.96209322328933
33.94907453297308
33.946155541131304
33.93559612989331
33.92965806014412
33.92694017634584
33.916833436926005
33.91614816815791
33.87023459393946
33.85389610965783
33.84595460830161
33.82287113484613
33.78185529800218
33.778972559235925
33.75852194556605
33.74558735776672
33.73359627966107
33.69476951888862
33.66840011181463
33.63727297859412
33.627594347636254
33.589413010344124
33.557455548486566
33.5521513231748
33.54996199090976
33.49374659026511
33.48580517199881
33.4838714900097
33.469449541061834
33.45429485803018
33.445794604623025
33.43956223547892
33.43795309522973
33.40300977120693
33.396512557527885
33.37980477734806
33.37206779394446
33.32313719418604
33.30681650896107
33.302468315528756
33.26015099560549
33.25614886778536
33.244766887146056
33.19958715404243
33.159920942779884
33.146859506471486
33.124735604609015
33.120625466502176
33.11967097043344
33.118214635929625
33.11103323437043
33.0909647924829
33.07134268706203
33.066852494198024
33.06564018188139
33.063339959237645
33.03548645932668
33.028494943281906
328.48616436438647
321.62601064313776
32.99656817723767
32.97084034311938
32.961897016665866
32.94993762772858
32.91713030395951
32.89574883696041
32.88800120060863
32.86584544433165
32.86298704035507
32.850239031954736
32.79782601176261
32.79111886732278
32.71869175824482
32.69080025893059
32.67102041904439
32.649296883647786
32.640646529183385
32.63050497021028
32.6292355102732
32.62678250495238
32.624317777407235
32.62301329147588
32.62123831438175
32.61944289552621
32.57636240211825
32.56700910448028
32.505922788063096
32.49724860331821
32.48177142904749
32.41341758611826
32.3985641050436
32.39593609777302
32.358632462307575
32.35640785241028
32.34637356750518
32.31571920030908
32.31531278907604
32.31216718323183
32.309963332986264
32.305099328144266
32.292274193281536
32.28365405826621
32.237397448324806
32.23072403076997
32.158970996139765
32.14103264476624
32.13978420544755
32.09472405160124
32.0479202425801
32.017128286599174
32.00786481320019
315.60158368872106
31.994192663660193
31.988054056523104
31.98323796160946
31.924832883622518
31.920274762038154
31.91799257662222
31.915323616750214
31.90249505880843
31.882939764411763
31.858071951228958
31.855623247048264
31.85268470141866
31.8518576024713
31.830520997249312
31.824556785332085
31.819121439927432
31.815620078169857
31.804243645712674
31.792009683275076
31.77286193187258
31.767793337322768
31.765898765235548
31.757441689729994
31.735983284773233
31.729852741491648
31.725624258737863
31.69790482317496
31.696442678801787
31.670356066590266
31.670002733537643
31.651853929407153
31.64764878429359
31.643371913369847
31.64024067581988
31.60932682595938
31.567627185870556
31.56671369720943
31.53031846400627
31.50038409652429
31.47026053613091
31.420569480555933
31.411397156314308
31.38284521431324
31.376237701368392
31.362201705030692
31.34901939459522
31.326368271690825
31.32634822606518
31.311025803728732
31.308941931962487
31.275226251234315
31.252644721730036
31.239500142535654
31.20260763598592
31.20054935461113
31.196893168204603
31.189589348921636
31.18677504931875
31.185069796223193
31.14764785522739
31.085821345397925
31.08231000511544
31.070148310018748
31.042860488823273
31.00551523788941
31.00187017352318
31.000981836483493
306.81341955309904
30.99328898119803
30.974483894228737
30.971682090344707
30.97001601282704
30.962124654439904
30.938336128121634
30.928619738047736
30.9214006309083
30.917988134248642
30.898360046591545
30.88384585144873
30.88331860643424
30.872667501789483
30.870207097563572
30.865906676604798
30.86331469947075
30.845799473122167
30.836426645797196
30.823596032945808
30.80171831654068
30.789543591209828
30.772014555767925
30.751461606840152
30.740062085825674
30.731120551901054
30.703451205099178
30.70214093917207
30.60786993074279
30.591385800866153
30.584263281452845
30.578551690228974
30.551029342464343
30.48734627899887
30.485004812822297
30.479737244679356
30.443342662168607
30.43573132645847
30.414896193940102
30.394234470869364
30.381465750439418
30.355179156812305
30.33317851249097
30.330045409911538
30.32094637175076
30.30168928397705
30.276727465350252
30.25144882327507
30.216552558223874
30.212909549305838
30.212573815362575
30.20661539244458
30.186094373066272
30.178718827655835
30.172904211312925
30.13662760055304
30.122478067803925
30.103220092860653
30.09936969799939
30.093688212240362
30.091631915773213
30.055909798280354
30.05149454091238
30.05096546217188
30.019113633619078
30.015818683653087
30.004598748750254
3.9982088980906614
3.9912458208989214
3.981387447414357
3.979170986452681
3.9732312601642077
3.9693878635232447
3.966304260568332
3.961639655924791
3.961417727290408
3.954497428888763
3.948087653890958
3.947455608676768
3.9472684434296577
3.94272352582382
3.9422255914418476
3.9199382245934644
3.9196786191400075
3.91934696747489
3.9148366003270034
3.910988513546635
3.910630569949996
3.908626442794505
3.8772192874070157
3.8770134324569323
3.8743976201296815
3.8710794315384804
3.868000613124613
3.8631016912395504
3.8601054001397572
3.852661469120479
3.8520253684768457
3.845555332469357
3.8303278772778766
3.81614820462466
3.8072086098525335
3.7662690996839467
3.751245163850752
3.747834285899026
3.716173569672692
3.713700275619889
3.706263139205095
3.7062371244328816
3.7023954997596893
3.69486873173513
3.694178495895961
3.6872534955684806
3.682509431322393
3.6712688425238067
3.654897648494
3.6482347657223597
3.642218095197349
3.6171880056059167
3.6170687673839317
3.6139487881676025
3.57218109273519
3.5629769782667773
3.551368761595696
3.550632697891834
3.5358312993468806
3.526695847292582
3.509461533171862
3.5076301198379545
3.5024180085507406
3.492178878771818
3.4888268294097187
3.4867513356691155
3.4862931513504645
3.480699924418489
3.472751643713556
3.461566089442402
3.4479978342500623
3.4381034277736235
3.4281732875160387
3.426118270765903
3.4194572504156557
3.41753137872081
3.3993841592518037
3.3968189749797837
3.396064040863063
3.3914050154690667
3.3842207416050347
3.3755233337799684
3.3702265088565824
3.3591065419680537
3.3556813914775385
3.3481111932747165
3.3358625172706904
3.304277822299168
3.290854123803207
3.289594457889973
3.2765165686895092
3.26464693797355
3.2592910762390095
3.198544885491244
3.196936692804451
3.1926859499512124
3.160979891036963
3.1600268669968394
3.1562050065746563
3.1358017487947354
3.1285972102764914
3.1147880268372643
3.110961280606248
3.0803272072489234
3.0665739289415197
3.0450275919756393
3.014422623246105
3.0006766680529506
3.0002074873614024
298.61440121264695
296.8020788793627
292.18434673430403
29.997006340569307
29.985312715440237
29.966813780258423
29.938137441699087
29.91470334829922
29.905414570227105
29.893018249111755
29.889788127105522
29.88488227812812
29.877873751026673
29.86351808303582
29.84348397101702
29.840301354134578
29.82660299642943
29.823619287184865
29.82312718408574
29.820206379696426
29.78276837847625
29.780491278768057
29.777938940722738
29.762784691958185
29.76168934254358
29.743063685355935
29.738434231460197
29.73522774396542
29.730485436077775
29.720586882956244
29.57425025310081
29.57294518600132
29.563610123675687
29.561666698013372
29.51275626015396
29.511530765296353
29.49998347233336
29.496673873422054
29.49458452462972
29.47381285710176
29.46727988665257
29.447793118063093
29.435474283803817
29.42886643397335
29.425404172875965
29.414027198668645
29.40821204612939
29.37499766535084
29.36334482941715
29.349249920655456
29.34631699483172
29.298040783006005
29.29229748410304
29.264995717634573
29.25802584636711
29.243344156850707
29.237555469656304
29.22849181565197
29.216344069566752
29.215764518685305
29.203442055319684
29.19163456785742
29.17823651971873
29.17555306558486
29.166487829762485
29.158750891786543
29.152278476961285
29.144753321728984
29.139368133358243
29.125914909542608
29.12571198917757
29.09807454771818
29.086148084751684
29.076744455335255
29.06891815219998
29.055550000071225
29.009024476509204
285.70269118132643
282.7956117008519
28.994484160152098
28.98928242596349
28.968646808397597
28.943351659976774
28.92502118205515
28.90276910923973
28.88996295598451
28.84604164073512
28.843691786894095
28.84254062848886
28.83219273612945
28.8313942271021
28.83000845252299
28.754584615836578
28.74994459307402
28.724392923859195
28.723524117227036
28.69316640713959
28.659825148797296
28.65016828463778
28.611620386557853
28.607505057890638
28.601361409718077
28.592841254657436
28.58884467857891
28.52739100499504
28.522193057506062
28.514681744832075
28.50332781117891
28.478824865187054
28.467069178746563
28.466315079825918
28.419228049820905
28.334189070492563
28.329059030337817
28.318852231671805
28.288349555193626
28.286468980762418
28.26963875034807
28.26675324094589
28.22818363650642
28.209885885169335
28.18259963341641
28.168327404263213
28.167799635285537
28.102228479790075
28.095097191536436
28.076980043835302
28.07340448469587
28.047662336088404
28.042740467098707
28.025968479755495
272.4262212674717
271.8741375677804
270.16078317146594
27.95463010950727
27.927133065515612
27.92663290002217
27.914769379641587
27.914579497577847
27.913806429657512
27.91233178594665
27.861718578024536
27.834435455092375
27.816923716996758
27.81460386419745
27.763821473359847
27.732635823401505
27.730958283291656
27.67144598270439
27.671304565994937
27.647100454324207
27.63947593705696
27.632071949553694
27.628179060948586
27.597418483560066
27.582917571165336
27.57308630301547
27.566338178816604
27.56485558140619
27.56445715943212
27.551968786247897
27.537170998789133
27.513056005596074
27.51098900593502
27.50238970694633
27.488195686223385
27.41416907013281
27.404750181450623
27.383831893208935
27.33500359812043
27.332218477546323
27.328567435408324
27.32408804167758
27.294411437491064
27.28221403848864
27.267832023994703
27.249594687666796
27.243033397968357
27.219097811892766
27.203867593451612
27.203433752556773
27.182099029014626
27.155288661333884
27.150510022148854
27.124244584280184
27.11904431258856
27.112502405132044
27.066656633818955
27.066212688940862
27.052411433593132
27.02357047803858
27.022039789829126
27.0117504681511
269.6730198789736
265.80625674440546
260.8404156505678
26.994176796928567
26.988296151877883
26.98194898579067
26.958757166390058
26.93732447944047
26.913851306857918
26.89232993333755
26.869392506354796
26.812065949551645
26.78342451856091
26.78164431491489
26.780040500089026
26.769036348315833
26.723042861716795
26.708978686344654
26.691899869428852
26.680581274071837
26.66505031935395
26.662552789993132
26.64335930975458
26.626691645782998
26.625279264193434
26.624298489199795
26.61236365505594
26.61188643161303
26.602823385466735
26.552034295531673
26.533209318007152
26.525533441105086
26.52195002917969
26.51603249808522
26.506027612550092
26.486310393686637
26.48353372165513
26.46962456417455
26.46479222028454
26.412532353049546
26.39990972786275
26.395890317249748
26.391739411261025
26.38844799276964
26.383124616578886
26.376963029941326
26.345474927414372
26.31972368017907
26.29583744925586
26.28605487950837
26.273303974454446
26.25360497145986
26.24082653595506
26.228434031190513
26.223445628887088
26.22311171821333
26.206672965919438
26.19058333472344
26.181514358226636
26.17936396308985
26.176753873190506
26.123126654110237
26.10154693898175
26.081908071941157
26.078869210208204
26.075030264546196
26.06616365779313
26.052153365193476
26.014972151892664
257.96484626124936
254.60631160546694
25.996542451087965
25.99078134921907
25.988123024947754
25.98184299607902
25.977871660496277
25.959430028526608
25.95002774576721
25.946283056330113
25.89765855304007
25.891848250948907
25.86842059489831
25.86761980133567
25.853177525279282
25.849489058883503
25.81422232164664
25.797750009983254
25.78447520306052
25.762134395960814
25.753611483765873
25.746636913822293
25.727147205423478
25.712415368031657
25.680932723359202
25.671028835872818
25.670318937210208
25.644931836926048
25.643174096524533
25.626816425455328
25.621292908344717
25.615561342645005
25.611321956798147
25.610833202963022
25.60939471435025
25.6066198385066
25.605287404049243
25.59195319579153
25.5841769706558
25.561055478577444
25.538024318960733
25.525809020469385
25.522512411210954
25.51378847983588
25.51145410682839
25.504465054743275
25.503536888479744
25.480375379666498
25.475781507067445
25.472587339217853
25.46643217506453
25.454681480705098
25.43745944295917
25.42578757564991
25.41074654765378
25.40023361228391
25.32268578911324
25.311466511676127
25.29920793375267
25.279985558659252
25.270176441924576
25.257559717148435
25.254481066453863
25.252968123317817
25.24747349787966
25.244748767371085
25.23038809414696
25.21445693215601
25.19097437307663
25.180959341070796
25.173178057028103
25.17149639666291
25.170155723665975
25.14094813773357
25.135892868965175
25.10303630659965
25.093766677637735
25.09081830745256
25.085722517757766
25.07950736423399
25.050680580087246
25.042405950716674
25.026732169025266
25.0210942355079
25.019523028014245
244.53899379140262
24.98563608413171
24.964324372472248
24.95711688924679
24.918997487566035
24.898874214747355
24.889498831659818
24.884775817487593
24.875485605583822
24.85130238373495
24.837655252331885
24.834308183848176
24.81152786249329
24.799696438516882
24.7815870862881
24.77045908404909
24.751327512761545
24.744764232727565
24.73101588252073
24.704886175089474
24.671883158006704
24.645677329992388
24.639784184459465
24.638610131536975
24.630740976411428
24.623538212488185
24.603283744872027
24.598058485614835
24.596484185162705
24.561000583470058
24.537924413000567
24.536968502476135
24.522600220304252
24.51640102379974
24.51564199371112
24.48977607505772
24.48547232672409
24.484035695530885
24.47296737962447
24.466460102793473
24.445841333014283
24.440260023139235
24.435915632468767
24.420058117211717
24.411994535187823
24.391973473059736
24.387164654485524
24.377574218353814
24.375235777160476
24.33601757838693
24.335537678136376
24.331229456870503
24.326428073020196
24.297435566630764
24.248529927450956
24.246691886134084
24.24055894580552
24.227847994546472
24.210458476104883
24.191550239385958
24.173470273925524
24.160948338505104
24.14692131994022
24.13399460668721
24.11911512939933
24.107592145132926
24.101815713386667
24.085938629924467
24.05165151636803
24.043999670030253
24.041438272402193
24.04028954075913
24.03655720816957
24.027652240235415
24.017203846544724
239.77888274172898
239.141255575919
238.6157192772617
234.8240101841604
230.82844391597436
23.96619584826964
23.95474291243045
23.942296982009903
23.90465972600636
23.89654776798127
23.888241286868567
23.88546210188717
23.88287871648589
23.874507517819094
23.853939483547922
23.822437954717174
23.777783671452415
23.77302951944242
23.77292004614858
23.747323272299013
23.74305951779799
23.68292820159123
23.682379943411586
23.681857053160588
23.658866974113355
23.65617115793402
23.651171053398635
23.64999592156132
23.64655045916926
23.625159785470093
23.608809454132047
23.605617444245727
23.592413666070623
23.585902448887136
23.576324910788784
23.575481876144696
23.567983387736245
23.541759456241223
23.52911126906252
23.51783400600457
23.515047541605977
23.512920277652498
23.51182867596491
23.485679613868278
23.463838075165032
23.453941716105746
23.450593848604235
23.42589318595997
23.407990370598185
23.3943616674045
23.38369892588749
23.381268086501606
23.37932668381904
23.377779582796194
23.368220944903214
23.3660117745779
23.36426907483347
23.363818548035223
23.35928509903276
23.35396634120014
23.343686818443995
23.32991957177165
23.326347255424434
23.312454451569263
23.305004250336992
23.286858251118545
23.286661404424127
23.286558340120568
23.27663809623119
23.25476467273779
23.24933707964646
23.226890246835897
23.22336788519399
23.22176064947015
23.20513220404441
23.190276699833152
23.18618866764636
23.178544723469816
23.168652566562
23.11314098586128
23.074133369209584
23.06603763535107
23.065035731353916
23.052383320528566
23.03961976641421
23.036832063151426
23.03568199230253
23.02635147651812
23.02072010828326
23.02054919821417
23.013756017811136
225.6803686658339
225.64668773691437
224.61472682207415
222.80444660768626
220.78196935823348
22.996322081332085
22.979210941919032
22.97234741026036
22.961421140190016
22.950962244213045
22.93902962067322
22.93603486590696
22.928395431478865
22.915926677729182
22.894046841646535
22.888495816950343
22.886977384691257
22.87598387215043
22.835435665293772
22.816780806069605
22.807718675033456
22.783175118617695
22.782130080432033
22.77231486473101
22.77131772267217
22.76878414493096
22.76308717779179
22.7570584568653
22.75698670001657
22.75310065662523
22.699509327333537
22.689556389033246
22.687762084712926
22.67770646772752
22.672499967073893
22.657795336869352
22.645188754116127
22.64158376602868
22.637426362580197
22.610522529141228
22.603719739762187
22.601506168539565
22.556552365296998
22.536958569209496
22.516961477862523
22.499885527071793
22.497521551998975
22.491003070410443
22.482434085727636
22.478366977965965
22.472417457560738
22.456864190450887
22.449900819518493
22.435181111701237
22.433607976309585
22.42762214067044
22.416822887690568
22.378525787539427
22.365864762429048
22.33343300407659
22.332543708760785
22.331027930031045
22.32630271415968
22.324521726870323
22.323589201790433
22.302610800632717
22.298800266021622
22.297797801569313
22.29713679528242
22.279997941948405
22.27257421898491
22.271101247365078
22.2505181840554
22.24574589351271
22.2364649622186
22.22190477666595
22.21888918646959
22.21571241078981
22.213086274659883
22.2090722894547
22.206006094917647
22.194495554716617
22.19008631705891
22.189104444415687
22.17648938837256
22.16717437512067
22.143389830310447
22.139520441574508
22.121306619123654
22.108484745823926
22.10009327689466
22.099511187727973
22.086753350467497
22.07943141734602
22.076667221882513
22.070417967473666
22.06295826418279
22.060374243288734
22.049371647555805
22.03355980109377
22.008986821357638
2197.758547780944
214.98047597944276
213.5093504344964
213.40472518340934
210.60946340047275
21.993948476380194
21.99372586779608
21.993052217798574
21.990076080740646
21.969560044621144
21.941312481445063
21.931159899709414
21.927991828254633
21.916650279464953
21.91085793381689
21.90030627506685
21.893879556899215
21.875155718413737
21.865767503368865
21.864613514814696
21.86322952905868
21.858293449846926
21.84758114409339
21.81372195223518
21.783591619538527
21.77959091283406
21.773840770340247
21.766412411888876
21.757810458338174
21.744092399290036
21.720420269805754
21.66800266040442
21.654079954079133
21.640214322372636
21.63773725924663
21.63249431457741
21.598844301049585
21.59744897201559
21.596223697956333
21.59399600065272
21.59398011048587
21.592329191071137
21.576108557957404
21.5560060233642
21.541379918418713
21.540868164678248
21.537171488774355
21.51487537614993
21.512620673002434
21.511105558679773
21.50419949027902
21.492583833589517
21.478520773104037
21.47655638559452
21.471462268280796
21.471048391092562
21.47056965597235
21.47054607715668
21.465958021135314
21.451392041591465
21.442527401306247
21.43567200311659
21.40407245723675
21.393093391667225
21.390123208990406
21.349933486351915
21.348797666903707
21.310414912121374
21.29606340222453
21.295234120876266
21.29398167320546
21.286748968192953
21.26704746873973
21.243977698645715
21.223474629601824
21.219979642641352
21.21824665720968
21.216532580326113
21.21444443326147
21.192605621085736
21.16741467305246
21.156160824805
21.15028816598968
21.14939365213777
21.13880619707401
21.106573336682416
21.10493656017321
21.100824773979475
21.08730505347614
21.0744210521043
21.065184038714396
21.06151242389451
21.040088418719666
21.037756522260086
21.034846848113485
21.00947014094522
206.54778599865867
205.8435767356421
203.9281053770129
20.966200693832494
20.954698041541576
20.943740980670388
20.9364207594364
20.930060514602605
20.914811806191302
20.913819938936598
20.900381680026936
20.889104587532607
20.883882990964793
20.86587036864422
20.849164763262394
20.844010081024933
20.836677075650353
20.82850251360889
20.80646381692564
20.782355536240665
20.781031355902723
20.77247814405048
20.75869382400756
20.74688575114516
20.741840089780396
20.737960034610943
20.730654762778183
20.728506152717195
20.707607315975782
20.70210916772349
20.687304001882442
20.67894634500895
20.6724066514481
20.65764611519476
20.65585587452821
20.641756982274327
20.634479527572967
20.630325107907733
20.625099969680857
20.572637444981243
20.562391300460796
20.55263485014478
20.53555412855277
20.50992472375784
20.50545438406996
20.49347246231039
20.492093437454148
20.474377789642936
20.456873397472823
20.44795699873372
20.398290425823674
20.38594523327242
20.358531613452467
20.35842924881483
20.35348729293158
20.341633712153758
20.336794441835824
20.333050946762892
20.33232326740748
20.328874307875854
20.316796140692713
20.28742585410485
20.282540120696336
20.28078408777963
20.280327196513554
20.27503449446003
20.24812127687863
20.230362663516008
20.211805174039384
20.20997414006354
20.198202304406923
20.188206507653344
20.1864406024958
20.17962861328378
20.171939699168785
20.14127426655556
20.13940512460172
20.13852408163152
20.13002243030758
20.113090074147063
20.104967402851116
20.098899514230364
20.094365673187554
20.0786945166221
20.064551533141596
20.057641956019594
20.05284659647627
20.043793267415854
20.043129298172346
20.025586792611183
2.993738578011463
2.9919361530627495
2.9912166813184577
2.990053895836725
2.986090331984371
2.9809556324871966
2.968724621011451
2.9443345762183677
2.9355083594610902
2.913297405366947
2.9105775232695033
2.909099197090164
2.904614993501652
2.878131592507332
2.874562599095394
2.8578302857062
2.8450636891108387
2.844063187102299
2.8017576670533697
2.801039627160785
2.79581314973965
2.783981322949287
2.780307766655878
2.7774849164626114
2.751895018794051
2.745087906635199
2.7310529925132396
2.723855270677366
2.70949634410027
2.7014655914460657
2.6852303836699183
2.684253099261952
2.677108722687779
2.617685926695264
2.609649329116208
2.5969346942088114
2.5958079647482735
2.5919795764434372
2.5849819149375928
2.577735365923938
2.5573360925295234
2.554771629985528
2.553947008164974
2.5504777979271873
2.5481087209255793
2.53097574810028
2.495006847796898
2.4817130394372207
2.459795924915536
2.448765354990513
2.4320144007715307
2.4319183991315505
2.4284686954403703
2.397120481828876
2.3666261994315563
2.3662658275850506
2.3626519253286964
2.357691514693349
2.3575019788201317
2.347155723897202
2.3359999597151075
2.3210563342186967
2.3073966665319694
2.2994996470629965
2.299179401119319
2.2550491631760274
2.249817577762113
2.2281259790210513
2.215822963917878
2.214755636096997
2.212582236420497
2.211093102026538
2.1750180039036238
2.1602216361466335
2.1591569615779536
2.145975325870576
2.1310911690585765
2.1257083309037452
2.090423702992413
2.083539996241587
2.0829766513054904
2.0798941019250927
2.0794780464779232
2.032741354584184
2.0231973958821743
198.9308761387924
197.99738964330942
194.68906309248317
191.32230075201667
191.15745057548966
19.99602312382052
19.986521133687216
19.98594326751418
19.970699914689384
19.96540912248529
19.9627193290382
19.9415956345079
19.940239609985504
19.937773724892434
19.93125381163769
19.918391040382097
19.904898865533088
19.904056698992385
19.89777584378628
19.889060422112486
19.88073157391655
19.871541229384885
19.864881130728545
19.862449542892378
19.859596590026957
19.843829140774364
19.841944538389434
19.828563521705476
19.826878576718048
19.81648862642918
19.814301271555856
19.78232030711798
19.77281678998725
19.755570467400208
19.740127224194254
19.725350243878633
19.720780003347148
19.679635938630504
19.676361470462837
19.675819660405715
19.660315359223905
19.64052019483118
19.636864270073538
19.609296855972023
19.597444248384416
19.545358789248727
19.543211040803378
19.541809090879827
19.516715693577154
19.51573040913457
19.511345436355047
19.50488447635649
19.451454698719203
19.434824958966974
19.43405930167978
19.430255010980893
19.40866502604417
19.405806838125596
19.395806908095526
19.39280326265648
19.38424906101962
19.374583019455677
19.370770771695614
19.351346910713414
19.349380362136728
19.3414038494034
19.337568119651593
19.335674688313244
19.317239594558114
19.302396736895968
19.301548356533463
19.269018387850288
19.257859638096246
19.240856980485965
19.21782716506311
19.216906493293827
19.177834993393425
19.176974964384062
19.172459566703004
19.164996130096668
19.155265922634346
19.1550085790374
19.154847568395024
19.13535890550654
19.13266195883764
19.119108231573524
19.115302307195158
19.109549000857715
19.10192134197107
19.09907224441927
19.088800209703084
19.08304947707465
19.078083505842226
19.072769622284728
19.072591498599582
19.071894595733333
19.0712044217092
19.053296135447116
19.028890091414873
19.007233622881007
189.52664236351555
189.52397604034263
188.21445071919305
188.1069068653298
187.7567654717531
185.19393367556563
184.9856956374717
184.1936286555164
183.55618406572606
183.52131594635253
182.8816393002997
181.99439686773127
180.6056400899649
180.56185599882613
18.97161117080436
18.965799531139965
18.944720386820475
18.941785460492124
18.938352392338167
18.927133101150257
18.92704627599514
18.92090350820388
18.920115729480454
18.898235635134196
18.896835814616256
18.895895475174527
18.894377938974667
18.887391252255853
18.8828485628186
18.882802590037
18.865370473913206
18.864514336069718
18.861723156858204
18.849801500288713
18.849028317863873
18.846443887880138
18.846189113909727
18.84564552164209
18.84169755824889
18.82023411214864
18.81842452722092
18.807998243175177
18.806505420044292
18.79828978215406
18.78796029427204
18.781505864391754
18.768669584632512
18.758971124181336
18.750285036090954
18.738104137954632
18.730305134955127
18.719555029154552
18.70592718090318
18.69826960795069
18.695056958574657
18.680797494097348
18.680657124947047
18.678273682718423
18.676385287864022
18.6654294061759
18.662148215451012
18.661466476189858
18.643063277426602
18.625667547834393
18.62493159770063
18.595337172749772
18.56908669998867
18.564985182376027
18.541768380986642
18.53864475295768
18.531068617644408
18.520309204665633
18.500602716109245
18.48773983609617
18.48376695677281
18.47856088840817
18.469582922863246
18.467864193879766
18.467790248069356
18.455210532978803
18.4460582982308
18.441620821676615
18.43583015717236
18.429455014086454
18.423091515693773
18.419384412083534
18.40516343497712
18.394206647071982
18.38228074631194
18.36304753030076
18.352225396982437
18.351677300149216
18.346366835552786
18.334466406540148
18.33299116615512
18.327872101101388
18.326970990288036
18.32019940323232
18.316311665103882
18.306428424952774
18.294066941718615
18.29070196964681
18.281681292142995
18.277365277016532
18.275381570078725
18.271202856657904
18.267251180253417
18.26557927851504
18.264456771300534
18.255970447197647
18.23844376516793
18.21543326684461
18.209702963390612
18.179284659292847
18.13991262707478
18.13918280185829
18.124965674606603
18.12474709802194
18.12313381887791
18.10275463976453
18.07871789969735
18.075652610822278
18.046054941709965
18.039238121673623
18.032774455462157
18.032468724818155
18.029577345936925
18.027505891880963
18.02426175620393
18.011920627910563
179.6122759649548
179.3918438858057
178.5980159614667
178.57262852274184
176.36721214801554
176.26560493446814
176.1236226069139
175.0206720673563
173.85749315265178
173.63873679746573
173.55894915699125
173.5315143275504
171.72496822089002
17.991315397157987
17.99063479354013
17.955856476059818
17.943414081945654
17.93035631578564
17.924415469342584
17.90860465619238
17.908422434401
17.876680486334024
17.872524244628938
17.86209124315086
17.856129702242317
17.845699753904704
17.835882293540678
17.814846832343886
17.814435908933074
17.81210620300903
17.810957155562285
17.793541555586163
17.79059664028002
17.790483729000826
17.78933127286677
17.778890140040428
17.76785126325323
17.766400746198205
17.756875209893842
17.752452011205715
17.742675466088425
17.733985336643077
17.719528715140395
17.706821127523146
17.702833742021728
17.69849080371203
17.69366383328952
17.691945857872543
17.662899073465386
17.65199936163067
17.64723280124306
17.638726012565105
17.630211754332734
17.629466380764224
17.621198509581586
17.60911143289873
17.594150265671345
17.587019133745315
17.576670288599576
17.565749319387137
17.5493348304928
17.53779152418068
17.526209513650464
17.52429678635514
17.52272192530726
17.51722770985967
17.51710301161458
17.51363679129093
17.506579706129653
17.504905989747144
17.49686958747773
17.49585223854398
17.47538236622079
17.45148060870945
17.427845759648772
17.415760959647777
17.412716655525436
17.40699537986399
17.393379663037326
17.393255726622172
17.384644979569728
17.380474626082503
17.352203362643667
17.351470873175977
17.350254858299973
17.342840152539956
17.335584063999985
17.33144412572032
17.33085193882017
17.308349992323627
17.280494362382107
17.258018652186212
17.256689252200758
17.237525592394746
17.236528171087155
17.234915503217834
17.228506854549643
17.22239614766076
17.214168932504883
17.206977840507072
17.19601587250541
17.18691373346507
17.185557407180127
17.176147536918386
17.173296399030164
17.173280217489207
17.1707207656376
17.158946950127028
17.15853088543325
17.158239605531996
17.15653394700184
17.15408664192372
17.138588647104832
17.136931588876543
17.13216219046559
17.127278712140757
17.126261353000235
17.12277282033336
17.1142288159789
17.09983866636593
17.09771628410552
17.095941299132495
17.092220091872562
17.087868045191804
17.061160635212552
17.056280174152626
17.054498404046402
17.048506654483216
17.047128011106427
17.04511053101992
17.03553196509675
17.023182156995514
17.00397868560055
17.003022441486845
169.6543212184795
168.21023562690078
166.88634251440044
166.26716244736144
166.23986485346126
163.84212967635116
163.0031096449918
162.83831808487903
161.90205153681399
161.86717269049757
161.5821889462047
161.2035834867894
161.01863074519977
160.742788472661
16.99552820469185
16.994261186345113
16.99366580802045
16.988471458330416
16.975999794349683
16.971164305945912
16.960426646294067
16.959041822484117
16.935753081869535
16.93494838501926
16.92773339374342
16.914888867233582
16.914145671878018
16.889856955659287
16.88807611866558
16.888018742831065
16.88736477908107
16.839103322375816
16.834585635191935
16.81577227345102
16.800193097558644
16.79633287534433
16.793752461191563
16.77538522775256
16.768929874680026
16.745778878530107
16.733123408926872
16.73176338371795
16.689756224014435
16.667281452714636
16.666333820413765
16.64768268762319
16.63231354596409
16.623012538522193
16.61632498883924
16.614038059902185
16.6126793036397
16.604894243679638
16.583012638488697
16.576029652025486
16.575869753991046
16.570709848708397
16.5642401787116
16.56369654938471
16.550205586450996
16.542052066521606
16.53300668423443
16.523185162648314
16.513932185629315
16.473703739495207
16.473593064203506
16.45804056277093
16.457803481206383
16.456956232704524
16.44507680132371
16.436310470447644
16.435283849171444
16.431158038431153
16.428551173424797
16.424067363614608
16.42330183813751
16.414860501289297
16.408482626648556
16.403582425303657
16.382327677675335
16.370978607381513
16.307515459053082
16.279767370084635
16.259681039861224
16.252786220767824
16.24464745289077
16.210437903975414
16.205962894146946
16.202445710055162
16.200864671895854
16.197160255316827
16.19474424381963
16.183642317366573
16.159930020801987
16.15520085629434
16.149073040575235
16.144891168441124
16.128317774797924
16.128155267226216
16.122796771301818
16.099278542563905
16.094691847918973
16.094589323051505
16.09197388446372
16.072703123190163
16.068652125770733
16.06673610587703
16.066143611256383
16.06467741106658
16.06103234143336
16.060624565907194
16.057993640511736
16.035692952062988
16.033308562978707
16.023931458551782
16.014876203846104
157.23785303923236
154.93443085242168
154.24539555462331
154.13917133886326
153.5305307090435
153.413798885283
153.37198141621616
152.5114692830853
151.72416849314897
151.50610052131574
15.998393357555749
15.987755886698949
15.977521316843074
15.972439687945108
15.954079904170575
15.950969816748726
15.933670554867767
15.912820762590304
15.91281204543458
15.89529956702672
15.890595746328312
15.884281333918429
15.876646762992067
15.875540802537646
15.860849619546812
15.860069515745124
15.856187975054791
15.854158627679157
15.85302413540655
15.848170203567484
15.841488965859003
15.827349886474096
15.81995351117058
15.7968597794146
15.79650614753975
15.776661515390032
15.77318220241571
15.771392620350145
15.768121065341937
15.757965380316888
15.737534755404814
15.721385139592176
15.716560500325393
15.71140848505536
15.709328383734595
15.708942936138454
15.707459026295737
15.700999891684198
15.698280620968633
15.683201666619249
15.681052570497332
15.668810924928504
15.649527622125156
15.648298979386041
15.646201569097173
15.639483231045341
15.621088606110517
15.620268267120617
15.5989288689769
15.598618374275688
15.596067922984059
15.58027664495312
15.566397819792849
15.561665409091544
15.561527198927978
15.558200484055794
15.557500168650439
15.556854733595337
15.548002353153343
15.545240224214684
15.540325315774925
15.536925531805819
15.532557773927413
15.530731321636745
15.519122066632344
15.510562853171427
15.481207111721591
15.467202666861606
15.458258292794701
15.455070407977463
15.447566527554077
15.441763909352996
15.438189878243296
15.43560920351368
15.428912415639637
15.417281191487172
15.399226590937927
15.386721262445011
15.38426468291814
15.383566620220488
15.362576051755351
15.3532415276091
15.35260916890502
15.349208329629061
15.348413747995636
15.344993327698933
15.344783840388049
15.328200846988517
15.319940765999116
15.315622940967689
15.313863585517453
15.299453226073334
15.296182886622093
15.289060030865569
15.268783217300966
15.26860242914837
15.266189472081676
15.259625914719205
15.245807090723275
15.239801869613867
15.238693417491756
15.236163959039258
15.232470884409127
15.220835286224144
15.199584578903773
15.18595556858811
15.184482986030975
15.172503821293303
15.17125527922188
15.16576179499
15.156042095243256
15.14464556692773
15.140749965082014
15.13571058970031
15.132247176104698
15.112694072125041
15.092820042149532
15.078602101345394
15.073625222620288
15.071338169086912
15.0646376764205
15.062064221927656
15.054039302939515
15.050599930422422
15.030656306663154
15.014959298771334
15.013000237880677
15.006877451612752
149.62797311441443
149.61640983025416
148.97347084218455
148.69700963866708
148.38477423262384
148.27331276654206
148.1414286183442
146.64127771007293
146.47966125758256
146.45666109568015
145.91264868279242
145.82881745346427
145.2885850535378
145.27894608871824
144.98775376552155
144.4742503551531
142.85500623435578
142.77809511233045
142.58765689371114
142.52835599842047
142.1519289239061
141.66842765542478
140.81935598293504
140.75005701282532
14.999314573037694
14.994299838608447
14.981371631941533
14.960144376063173
14.949435396924633
14.947839485368549
14.935385600958446
14.924839328677015
14.881519513724596
14.880431930646457
14.880145968117906
14.85796390103862
14.839389511768223
14.827140211766727
14.819479214719527
14.812478341220306
14.810323623850218
14.80382689620006
14.80024824937006
14.786332726984623
14.774599686240629
14.771152495064767
14.769109943888566
14.750085953195029
14.733567029419675
14.658275900492232
14.651117463659142
14.64722119962462
14.64626426239528
14.64027899318876
14.632940910231172
14.61599975368715
14.602085924771238
14.590611349575088
14.58231247103901
14.579895095538593
14.578506008262039
14.561591778906934
14.553943772878682
14.553331654756386
14.552993634618844
14.547461874322904
14.545221424762902
14.542128032195288
14.53908293180538
14.534009953548695
14.528262182994188
14.522054534875625
14.513836472290329
14.508763102162812
14.506866572025192
14.505768571877718
14.500966435863083
14.49879786719672
14.488666499052757
14.478525116073126
14.474620130476204
14.455802869486636
14.45365476821488
14.452360553283361
14.450809270407095
14.447999402366074
14.447199240578344
14.444833337147616
14.43092941456116
14.426432272210768
14.420555229724947
14.420194093701369
14.418831573508577
14.403483132039666
14.397998097011257
14.397635014136283
14.39113090373725
14.390574092328192
14.38243493461961
14.373027017006887
14.369095260183965
14.357475489255696
14.35464310397622
14.354482145335462
14.345984505089401
14.337347368163822
14.327067686769853
14.321532576248504
14.320835409663653
14.313179534115427
14.309185849265889
14.297541500683128
14.288015374624155
14.27909713849968
14.277663518601933
14.275047363467134
14.270661747349687
14.258634461348736
14.24699358984774
14.24506620940599
14.244833321171164
14.244111287940518
14.21935689400317
14.212250794927645
14.210694346808774
14.20573287748485
14.198880114516164
14.19251964330565
14.177790278140511
14.176006038048575
14.167620079278246
14.164515533292342
14.163721476767735
14.158151147429637
14.147768155224533
14.145783343338612
14.143710833485411
14.128997952493046
14.125106255832545
14.116461725997263
14.115049297154014
14.114444678631711
14.10133901673246
14.095221823817052
14.082496265230027
14.064687850142823
14.048742014326056
14.028753629681898
14.017738200916472
14.016739225298332
14.011358383202165
14.007005346890368
139.81182586413343
138.5921459608141
138.4057524675448
138.14790627965212
138.06447568887745
136.84404980854472
136.49915434592793
136.41932993428443
136.2168938893438
135.99325999671058
135.90757461840113
135.57425386901986
135.36473623991054
135.34548350818125
134.85088592932718
133.4320765194423
133.3964749086264
132.97674913894693
132.37161281535285
131.91677816208434
131.5007861146284
130.50648941912348
130.4976513814285
130.36514533895766
130.29403706236303
13.998804336081136
13.99156223415093
13.984603775082451
13.983912111463512
13.970617362508257
13.97060777916841
13.969001266496603
13.940065865493375
13.936552960651744
13.919530100292446
13.908937856866363
13.904629873584831
13.899767604374128
13.896070630136798
13.892944748680703
13.892691402782864
13.889559167792454
13.885956584345232
13.873001207563853
13.866245604677205
13.860437138924421
13.855377593079625
13.822963962835658
13.811344852313683
13.811071723999522
13.803703231811895
13.795225995286135
13.789988223679362
13.78392032161662
13.782881254181493
13.763801984282717
13.758289424864467
13.757307063743797
13.74949393728068
13.749405515442113
13.745954084157507
13.729190234017459
13.712769509633802
13.712637642588314
13.709841611536525
13.709549396483638
13.704375094218435
13.70338007200861
13.701491135113415
13.696936436430462
13.688283517195032
13.679302929482223
13.66632940003736
13.62520856119911
13.61973344003627
13.615386654439074
13.61344050851476
13.611895030820838
13.597360591958552
13.595132241801672
13.558643283591792
13.55444578969677
13.5508263797695
13.540250645792968
13.538831317419621
13.533654012809466
13.530408709656117
13.527776718071792
13.520097449346668
13.514678608983164
13.513349878616312
13.490324683840102
13.470913282881394
13.467214072826524
13.46406361912613
13.45609848395003
13.447920975405358
13.4425969150734
13.439104925460708
13.422956741883091
13.401263005038833
13.387771382480137
13.375987131109884
13.372004358644157
13.352006171772452
13.332706988484489
13.324998517094453
13.324688644776847
13.301995272948158
13.298158827859199
13.295502490631323
13.274286045104246
13.256583635300965
13.236261673912669
13.235476533337808
13.228447840748755
13.220851879104526
13.22033394647113
13.199731798626152
13.198945376107845
13.184672137862057
13.165294428159372
13.162425981635039
13.150432297431122
13.1446107488092
13.141446223035722
13.13890289382162
13.131468972204718
13.121248526745704
13.118990152041707
13.11480009386866
13.109452739389376
13.105454121963499
13.094086500257552
13.089780595711723
13.084770893270584
13.069165985417253
13.068871309198778
13.054583429828508
13.049101684080227
13.04882619038024
13.035185491628804
13.00493335162319
13.004617480440729
129.85982465751326
129.8123409052922
129.3352165587115
129.25749390973243
127.91119519705522
127.76289960531814
127.42363701782416
127.40086200723132
1262.0392395275
126.71441888082427
126.62550953091089
126.49628897968411
126.27200290518891
126.26357427456846
126.00097981794556
125.7560684942391
125.39064345046542
125.2864864225134
124.68472243537131
124.5043209083843
123.87403636210558
123.6568636444349
123.56876249996218
122.99867513967067
122.51521179088677
122.16322390620282
122.09283600543993
121.3679437285845
121.33861116892236
121.26739607706939
121.25333976732986
121.18208990467731
120.82515586038502
120.65914845427949
120.09500628967102
120.03919422043383
12.998064917431812
12.988351395745418
12.982692059850526
12.98233075440088
12.975128671202919
12.958872252584097
12.927868487559385
12.914977675443735
12.908794142211846
12.893960372103463
12.89001371042786
12.888611483949525
12.874987816652927
12.873031620082864
12.868940866558214
12.868914039475165
12.862463326779036
12.857773297037443
12.854349901235894
12.841184227708736
12.840807633615812
12.84010574576637
12.838104806335755
12.816741083355096
12.798171533238415
12.797243227631553
12.778139993870154
12.760458677758695
12.755162086056572
12.754549690781312
12.751773567232652
12.745815137596354
12.737276501023144
12.735646558627066
12.732016162005142
12.721420706553692
12.71858471669081
12.717559227661887
12.712143533155263
12.70927688575564
12.704064554552247
12.70108116820716
12.699550053421145
12.69890339604024
12.672865963062145
12.667313217934627
12.663836762083116
12.65929506982374
12.651594484307267
12.6469137618461
12.646070891394373
12.645268998681427
12.631872035378612
12.629154393458863
12.59082415975519
12.5860835664128
12.569102101191747
12.56432282935505
12.562693227890527
12.561508444179019
12.552024436505814
12.550108459159855
12.548861557317014
12.537500754356058
12.522068673650361
12.52196998372563
12.5193704109687
12.517832317154397
12.51477448075712
12.496594695187445
12.495606486691042
12.48044130213407
12.456109199589203
12.455228314459543
12.425178072409365
12.42492724944327
12.420990748506735
12.417771724368109
12.40880282523537
12.399934243042075
12.3994925253679
12.399027210188382
12.391451105967354
12.387942990260296
12.387201616737798
12.381441961257307
12.368604724629954
12.340792440887194
12.340714545371501
12.324087574040199
12.31958001456462
12.31754161086895
12.312841523515562
12.312448225504568
12.300876140391315
12.285050109863738
12.282603559630774
12.277006493044004
12.263594942987355
