0.7454584441368516
0.7524949559141083
0.9263775060068961
0.9343656102052756
0.9354331495772885
0.9686146283677307
0.9690188334613308
0.9952446885401256
1.0371794276905772
1.2080595559681195
1.2197939813053853
1.2595894845324038
1.278774934551308
1.315207815523156
1.3285010423643102
1.3430388860159492
1.3795953240262135
1.4852415177727465
1.5252244926386034
1.5545505202863825
1.5713164815625278
1.577074567857752
1.5837251147655473
1.584764596538753
1.6212462094411855
1.6213259823486306
1.623926939264157
1.6408098239022986
1.642952918811726
1.6522139758607506
1.694216715060058
1.7137535616700037
1.7165641757389671
1.7231625324226014
1.7252427722482588
1.729592442991146
1.747362441052821
1.822760268576009
1.8460614112181322
1.8464453906919094
1.852872686058669
1.9370222571729312
1.9659291281295206
10.006619149872039
10.010900974915204
10.080260108441848
10.103593575025615
10.108452717124639
10.119743651616522
10.120033748466666
10.12022114297986
10.123409436915527
10.132084306822902
10.139306699094384
10.140855805827421
10.148600822786326
10.154743820742599
10.158524037732978
10.160384521166868
10.170782757599993
10.179628392050754
10.1808231866866
10.182719961478169
10.186779778291703
10.189240437955293
10.199622748688624
10.224298670991882
10.224496835328816
10.22589446142116
10.245387282574821
10.250305249351591
10.250593911077116
10.262550832252302
10.27758607520239
10.28003407299577
10.281171822513395
10.281645986483284
10.303476606922752
10.323076372589822
10.338897320238456
10.343311404834157
10.344199157378755
10.35097722794781
10.367074620162574
10.378909650245763
10.384051941939132
10.38474929139432
10.387806006595627
10.394908279842204
10.395721799704534
10.396761815820383
10.405052023453935
10.408630254028202
10.41604002190707
10.417834505804104
10.426983856813782
10.43642668199623
10.438814396918868
10.439557762002773
10.43969869368547
10.441016282179959
10.445137450465817
10.448497237712978
10.45237630291582
10.457932284241101
10.467876943181558
10.470789105749217
10.471969147576164
10.47340787290733
10.483711646963881
10.507142766793772
10.507682020311433
10.5126708364643
10.512686406897771
10.533716197438814
10.54352059128111
10.54534062426037
10.556436974787788
10.567597813062884
10.568082033414875
10.571589135819082
10.583463202742518
10.594301178965193
10.605658547083056
10.615160784186084
10.619485676857199
10.621998489447348
10.622815942748195
10.625102001959947
10.625530783008013
10.6264360587251
10.631907286492156
10.633564318658117
10.63396253718704
10.640313907359392
10.655592904786216
10.667189676434061
10.67162311945842
10.675487522563655
10.679711508258215
10.681374441561232
10.686065713948963
10.690377010758676
10.705196839344614
10.708174925469525
10.72200524397876
10.726992096454573
10.727071851805642
10.737942190536607
10.73856827135758
10.751900455566277
10.758377465313446
10.781792010875602
10.783536535274298
10.797819542582054
10.800721725124108
10.804534717693631
10.821937479446548
10.837003122625696
10.841939937748124
10.852286401392975
10.85970582561334
10.876214912887054
10.885870636724238
10.90266916761481
10.903882215302474
10.917646283566595
10.927348064517862
10.929683063202479
10.94207611366243
10.94913650747994
10.956297950907894
10.956516599261201
10.964740184549537
10.96747478409463
10.97185336680068
10.974118506036902
10.97777514467515
10.97907049011293
10.98218197963162
10.98873711888677
10.994420080358712
10.999820086471118
100.04662535552939
100.0632991548356
100.25786996053901
100.32631473847118
100.46462721904064
100.4775999182418
100.52973225549471
100.67972284990171
100.75487420714242
100.81248402499806
100.81484563346548
101.03866544580602
101.27265432905662
101.4370900217011
101.76865037668173
101.86075697969466
101.93364380271713
102.15654732304061
102.21440960072121
102.35079941020108
102.58723527923071
102.68203715483823
103.07771002189428
103.1030930714639
103.59859731997484
103.62805101844819
103.84873478859954
104.35364300287537
104.36906400748234
104.42837738923663
104.45262474882692
104.4891701939949
104.70963910037197
104.72139751219514
104.98134345314999
105.48900288182759
105.55941830710745
105.74618876343045
106.43210268545502
106.5078443924679
106.55873404814545
106.83506264089664
107.15964118489345
107.39076739284197
107.67064774741853
108.15675997906763
108.50002240453499
108.84035006193565
109.08037207947645
109.59238476598433
109.81418038242869
11.0008766680084
11.009848552525506
11.015424766129039
11.0203954735299
11.021044978758935
11.029875494528138
11.031966038045748
11.033012839195884
11.043115690842228
11.04604488790692
11.046769402953247
11.04782405003019
11.048703986644737
11.060328178060828
11.063862930810066
11.067783868542968
11.07243514622086
11.073531282061069
11.073763411082947
11.090960458046816
11.094351321467922
11.103014558136778
11.107930875110375
11.117221455049354
11.121377462717803
11.12640547618027
11.135962416116497
11.15851910647131
11.161111594848864
11.16422899274142
11.166102071334837
11.19864820214026
11.201630893184086
11.207252194672478
11.208785381838757
11.217042221731193
11.223103872449485
11.22445983476864
11.225729615680864
11.239127579257334
11.245674733600769
11.248764813872302
11.249581278779798
11.254116322801337
11.275280361165331
11.316907590033011
11.318554276214067
11.327101212839096
11.32826443637122
11.33508652000833
11.35659610027371
11.381446989813787
11.395175469668423
11.402326044199784
11.404710924213143
11.428454528138275
11.439269876580791
11.448356734110792
11.448881948705175
11.450117814324448
11.45171109504264
11.453816992696092
11.459884565580115
11.462246455680074
11.463903168245883
11.464958646453152
11.467504760651792
11.473137344292438
11.486130618056457
11.487064750565674
11.489192208675249
11.492777288484787
11.49513373133992
11.507068953868778
11.514568832920615
11.521225675324956
11.525549856299044
11.529581214424992
11.534102794824046
11.53691259766309
11.537355265381414
11.54790983697673
11.548253699633605
11.551707711963205
11.56171288770982
11.562778810397688
11.5714054827553
11.571504936731198
11.615731836448074
11.617202959354797
11.6476780251007
11.648678308753974
11.648923106812616
11.658124748264479
11.665617492066637
11.667021675161047
11.67320030033275
11.676777438797409
11.677617985388263
11.677659286303514
11.690764478537846
11.694779963156696
11.698314590111496
11.701764481007489
11.705311782139782
11.711968284058166
11.718974460184906
11.723890001201992
11.72999835489691
11.734039634115122
11.749905390920388
11.751135084026778
11.753152298132774
11.756631052137509
11.76171379311868
11.764671627186992
11.770096051281664
11.77653659340445
11.783293507035767
11.819095851850708
11.825157153613567
11.836338257415065
11.839783404353241
11.840808924962822
11.850651588542203
11.85360461679196
11.855079106410576
11.859681203956763
11.867180327549134
11.887841476629854
11.910713081738011
11.911737572358158
11.914160472886069
11.944444117110505
11.944981173800286
11.951918421194048
11.958045534280735
11.96359097608098
11.966325052955181
11.96814789540258
11.978490708424284
11.992435260486987
11.993328807173114
110.86078232035132
111.63050360618064
111.77029205629722
111.98070788911132
112.65458545137034
112.97115301077079
113.49352325201349
113.96954525616174
114.29891459837755
114.65530248530833
115.11253699280127
115.30750131136485
115.45636286566584
115.47453868334105
115.5866555092622
115.94725812098362
116.00723012091174
116.52769754490939
118.31009121254885
118.78727739519557
119.29695942656389
119.48080723377234
119.95483626732509
119.97202709869077
12.010738981880873
12.043939810794033
12.078978897262383
12.08532119064769
12.085551779854585
12.086711690495152
12.091461030147977
12.101828055977556
12.115536023757022
12.129668481518316
12.130268987325845
12.133124704634175
12.144957432481315
12.14770418476047
12.149175677863276
12.161905650185249
12.16582752249989
12.167672972185786
12.16810005161774
12.169514110684934
12.169767340697986
12.171864089179111
12.174724769989185
12.17555203825926
12.190233915548841
12.199367939602416
12.20581125210086
12.223357185204446
12.224618352360423
12.241602092430934
12.24167772512392
12.242166101058816
12.249779421790567
12.26666056844592
12.289580507298103
12.29183096038788
12.292090339414985
12.304846939213872
12.307124523485486
12.311781503383186
12.317621639051282
12.320245647209093
12.339118195757413
12.347151158106623
12.358414894545287
12.363477066830367
12.377045289445405
12.382215202558497
12.413138462678202
12.425617204568605
12.429100148040561
12.430284517900873
12.433090482596437
12.437049580443473
12.438287981215796
12.44098232331019
12.443710363284422
12.472371366326179
12.478416627897476
12.482248516945688
12.489745424813485
12.491929538998445
12.500486431354503
12.513810206085818
12.520180477189422
12.532889529103164
12.541505074179037
12.548716762466686
12.55825440256196
12.561874928136152
12.567476990023785
12.572089342085807
12.57576568891656
12.581879022997326
12.586494530006407
12.593730672960405
12.598335837228493
12.605382691750735
12.615139769410634
12.627348391333934
12.627956242398202
12.635115691695367
12.641683547382017
12.643935962077089
12.64535834275929
12.647106746119489
12.654388988597933
12.656171559236753
12.656776224093822
12.660858355024894
12.667248811829097
12.673379029120682
12.678692097260065
12.679380165636227
12.68633305579025
12.687272297541739
12.690769962785609
12.695268203838603
12.699761566233772
12.70313169523938
12.71032421069099
12.711143888586754
12.711269169827041
12.718219782350994
12.734597115321511
12.736821145549255
12.740583616672865
12.7537782886974
12.760615665912011
12.761083677716384
12.777065466323858
12.799762071204983
12.810898665211452
12.838241617591375
12.83840247578911
12.858683554997635
12.869034849019686
12.877616566169964
12.885481375202744
12.887042208156878
12.89270303377201
12.893388313122422
12.896621348740645
12.902775138680536
12.926680831926781
12.927332766779681
12.931061490064584
12.948038665498881
12.952365647856723
12.954961703964623
12.956253081278575
12.957676259662836
12.970470478184456
12.974619990718596
12.98500164393348
12.996383536754134
12.998875773531546
120.03521032605231
120.37674054285708
120.9005209959441
121.3926453570588
121.9644084240015
121.99277507631068
122.08260641125199
122.60625022323184
122.61675961612562
123.0587825853813
123.11394918146118
123.6993430435584
123.88552932945574
124.22224713910565
124.67948808717219
124.69741540376232
124.7120424170674
124.7858394844639
125.4115242071899
125.48134649142814
126.7750334321132
126.83620589416391
126.84571474445477
127.17048999091054
127.27264587773743
127.27970999031095
127.50497188807906
127.53069532035103
127.58385470258425
127.6679077479411
127.84102921683647
127.9905489474289
128.31924141114536
128.59981245500222
128.85664060466152
128.9561286805084
129.6150512524002
13.020496512633185
13.025486238163733
13.03189513259911
13.036440266505101
13.045969655204388
13.074547290973648
13.076347345119185
13.076889212385794
13.081972331345561
13.0894066524478
13.094908871084657
13.106908128260583
13.110006024961615
13.112745819145324
13.125913402191916
13.1297672468407
13.153002811887868
13.161314551803773
13.161993903363284
13.16786364281852
13.168542732231158
13.169874788530672
13.172898822231769
13.187797973023347
13.193760647990974
13.202311785909272
13.203361039886223
13.214315255010005
13.243897360558256
13.245304494768712
13.249616556268489
13.257285785058377
13.258283071675093
13.259969608727527
13.274248665506946
13.274697278037507
13.279380405337553
13.28975588561783
13.294963824478389
13.296032333531599
13.299108016010136
13.301487696354492
13.304941934480695
13.324018588520511
13.331183673744304
13.33253903769595
13.350769844423473
13.351758628577553
13.377693219006249
13.380244389790311
13.38257869499557
13.385027705027463
13.391768808025411
13.408727188355543
13.410969376875927
13.423419043087225
13.432630157123626
13.448604626578506
13.465476016223722
13.481578297001843
13.499270664035105
13.5045496166743
13.514590390919093
13.519862612875828
13.522039601863973
13.522394757616926
13.53132719781053
13.537180926193484
13.543764202685042
13.54843130211133
13.552714844856315
13.554645225661883
13.555810693853532
13.57296589888603
13.575885147914086
13.577491520878423
13.604284167747354
13.604994508924054
13.634246399536675
13.64200051241933
13.646971208647438
13.648252196075271
13.674535132596173
13.684135572535183
13.689719025289488
13.695906945053311
13.69768981640792
13.70897959235512
13.71798024702582
13.718964778325725
13.722619650104196
13.735365996149588
13.745655504591339
13.747593144557547
13.751376870899865
13.760113435153777
13.760857273444364
13.779371717682805
13.779949221686975
13.784119798571178
13.792174965787767
13.799765207226221
13.804986873084557
13.806997004682454
13.813352626315476
13.816303126801177
13.820139004911656
13.824957001970121
13.831019694442858
13.835770693182416
13.83846811143206
13.844035405076704
13.848840206864667
13.851569932043539
13.852873691576336
13.853814075234288
13.85653286609721
13.860627057847218
13.861199864777017
13.862215918996952
13.881994328440241
13.893405402254738
13.895858602842317
13.896748276731284
13.900784305622908
13.904073327666394
13.908498335946115
13.920787808095541
13.92521765137609
13.92951300554578
13.932756223673511
13.93897200915851
13.96307695240303
13.965393812664253
13.977630320616628
13.982069821367793
13.984249021381268
13.98797020315226
13.998081548491555
130.04329290645956
130.10069642809535
130.88512972652663
131.10856040246097
131.63409413659716
132.18397429694687
132.3733315696369
132.81660293076015
133.76825394175066
133.8742576630097
133.89031950157718
134.5251037342533
135.10435457782492
135.38162711763312
135.39124143852968
135.42177115799447
135.90732715925867
136.0768318392133
136.2429575954212
136.56119254051708
137.1982405359398
138.60927588924892
14.003251238780722
14.003412274987742
14.020035772083187
14.026525570575863
14.03850234037197
14.039503840567532
14.081620411935795
14.083137785315957
14.099696055324548
14.10053350177589
14.108660436496756
14.109157421720601
14.111280695942387
14.115805237732966
14.115808268347905
14.1380074962096
14.145778250844867
14.155132169827347
14.183243842067348
14.18434333781227
14.185938065598583
14.18967403403197
14.203500397226808
14.204683627196395
14.209638833932688
14.214852974194189
14.222016417963069
14.223825681714992
14.246131462260172
14.269127163837938
14.278481428264167
14.293605055019423
14.293720442859055
14.295784517004575
14.303159636328154
14.30688209864086
14.318295531054368
14.329374206587078
14.329433981562916
14.336203308199844
14.34316742179613
14.352812083903666
14.355322971171741
14.36720537821466
14.370648504861853
14.380051657216375
14.397502899489774
14.405410841639156
14.405978814564195
14.409252309283502
14.41103062352286
14.416967539687159
14.417164206717453
14.425017207074852
14.448644271178864
14.449926947471893
14.451238715789586
14.459522156578451
14.464020496931004
14.46405235561939
14.464324791507757
14.470407541596437
14.472549080946232
14.475033015161635
14.478106743540879
14.486371962986903
14.489596260558752
14.52079251081931
14.523053186477512
14.527918309753083
14.590314642244069
14.593338654244283
14.594166327676428
14.594545304249912
14.601618186325993
14.61399759921749
14.621102220644875
14.631321505094228
14.632558648701597
14.648279849043572
14.654335164135722
14.659607221719117
14.660677052665326
14.662134789327403
14.662277057739583
14.664604175485875
14.665730573730075
14.68329176623292
14.705641450898526
14.719479230068984
14.719763808286267
14.732558259634914
14.733735255318235
14.742875809821818
14.7620083170643
14.763435611945013
14.771829442227201
14.772912523475355
14.77780500240858
14.800903137172847
14.83323512595182
14.867933370182403
14.872760854934256
14.874656141301118
14.879020475056407
14.884103121008158
14.885988521235138
14.891497557622152
14.891855968265615
14.895679739689175
14.900682438091748
14.914849246316066
14.919960885683514
14.923203882002005
14.924381236660887
14.928083883464769
14.928939442397786
14.934976027364522
14.943282310579592
14.955765755741647
14.956837749495683
14.956981773200459
14.957852190705227
14.958299452234163
14.965852566908895
14.984617839710868
14.997483914247711
14.99888089430206
140.06633530179158
140.84681166894606
140.9551822061254
143.07076581880233
145.08516487227334
145.23877910516117
145.6370205539288
146.30563422193222
147.41067619200282
147.59179785489252
148.16263792352945
149.3956405264969
149.58977079286595
15.001543074539109
15.010050609169756
15.016601720487184
15.016813588910049
15.024140734222122
15.025748345164294
15.059612395988818
15.061038288862513
15.063330185566514
15.068288687925019
15.069942274867465
15.082845613261838
15.086644357069403
15.102376000545814
15.109557268329109
15.122095189805181
15.130828350177543
15.132606948851265
15.132694950572967
15.133093448118343
15.147457807637885
15.156241440520663
15.162116248422635
15.163549998649117
15.163650608699436
15.167855028191758
15.177325865967049
15.178980908853571
15.184477008794296
15.185540240694602
15.185568378977678
15.187233942954933
15.192508383859298
15.196307901557216
15.205938258277767
15.209803698857469
15.2144072029967
15.21873030226484
15.224681765492823
15.233054616721178
15.237624650031549
15.243776109834316
15.245508678593001
15.250473584550756
15.252556146177948
15.27748175038106
15.277660202404553
15.304256251999087
15.328999804887964
15.3345798957116
15.3388803003388
15.348660913363409
15.391810470200259
15.401044350789183
15.415284102092361
15.435861304923076
15.435894718967285
15.448281779607349
15.453094904086369
15.45843549147068
15.46420298431829
15.468706282723984
15.483446575439638
15.496942716880648
15.497226815799548
15.545384006531453
15.548309590319247
15.551418166383273
15.55288746704648
15.572405049083716
15.574939570630754
15.578470845056714
15.585404214033053
15.59419645344549
15.62329759887813
15.645046884529123
15.645108719305227
15.66167094716416
15.663625302839792
15.67567023445153
15.68341704878484
15.688129772568677
15.713288367038048
15.714828047714626
15.721910455490162
15.737696732905963
15.738488009693928
15.758904847048854
15.76863891988677
15.790979885035739
15.800320322557445
15.81061598379925
15.82157224046241
15.831362729353549
15.832819216037077
15.833493702103436
15.837734076099741
15.852038509743608
15.855352676216194
15.868336531379585
15.874928642441484
15.8753707884803
15.880975325268691
15.883031069775965
15.890064965299302
15.892416530449683
15.902999043022046
15.90385722233231
15.905123042863387
15.907865336551692
15.919331669696433
15.920762091023999
15.922356496294388
15.92894792345058
15.932764175582085
15.933691006038211
15.949794399018687
15.95060415945131
15.97180320371531
15.979148678757433
15.980568116867444
15.983414748784782
150.04146613891842
150.04804192066896
151.62452220639378
151.75434760834938
152.0913559437757
153.3544930065691
154.15733707751508
154.22400157437409
157.6330720392834
158.70631306780135
158.7600896916017
159.40938543573878
159.87533574333443
16.007762358209423
16.01054270038422
16.022660104309473
16.033328262469038
16.05144968626714
16.051743885637208
16.053150937227375
16.06138117011147
16.115377569080298
16.126894564275382
16.128000024967776
16.1310628455895
16.137318067593167
16.14166894474232
16.151820310628214
16.16119534030525
16.172145189407658
16.174457378221874
16.197515630862565
16.20024500902363
16.205970153527396
16.239588522601014
16.253347726697164
16.25573918137793
16.257178787555823
16.261867090131673
16.26712718498971
16.267230454601478
16.26811969269092
16.270428076995852
16.290661161831697
16.29315964820216
16.29343972255438
16.29654179239411
16.318889147422812
16.32836038380995
16.333109583058693
16.335612487599793
16.336774499189016
16.34238763594331
16.360576913155658
16.37088089904991
16.376933728842772
16.377730994325233
16.39475465291304
16.396665206543908
16.4061126215084
16.4076103055816
16.446337073825365
16.44722378488783
16.45160293022396
16.46121323595029
16.480186604326438
16.49146485356764
16.496119524351347
16.500564742176135
16.50251043435543
16.516652287367176
16.517411321152604
16.528453742470738
16.535703759365212
16.54058154773717
16.551619239971053
16.56999578376544
16.58132960656233
16.586113646828533
16.58767220699896
16.590543738858223
16.61244131099245
16.61690840875243
16.618428754160618
16.618735491962237
16.625054322212232
16.637588461863462
16.639407657077218
16.642910097819268
16.64604166451445
16.657442531842637
16.686923827400367
16.6872492929006
16.68796075443921
16.72780201604944
16.72981978526672
16.733504402175924
16.75244271274336
16.76585741345493
16.783444263769994
16.797963911571735
16.80227197431044
16.80910996485814
16.821409229876117
16.846851064565815
16.860388627332696
16.873031258608723
16.88357663284287
16.884424480954916
16.889364409653307
16.89547421854614
16.895629994578496
16.89922504054688
16.899705116250242
16.900742423093597
16.91019220273524
16.948300720465728
16.94878360946689
16.949292081140168
16.959016164817537
16.978784086378976
16.986730567460235
16.991037264512112
16.998789744113495
160.18682284456978
160.57946119494792
161.02136046191814
162.18487428690298
163.0468352799214
163.1405969524929
163.57211085860862
163.6052548385665
163.6073512552482
164.36652840470606
164.58835546301287
165.09822835424677
165.49743935143562
167.84398815720317
167.91641428238117
168.44167006489914
168.98946368672324
168.99885670710054
17.011013279304315
17.02501198225443
17.036938305195783
17.04844930996526
17.06015300366663
17.09341289667611
17.109081418509536
17.109156486957282
17.116683430560833
17.118722132504367
17.122477915931555
17.135742704895307
17.148854362595472
17.150456408283734
17.156796621443988
17.162892550498455
17.175361497870306
17.184871041702046
17.185674000042503
17.18621797590332
17.194048702563318
17.195245874896646
17.200045016214553
17.219663351368872
17.224129522822
17.231995853026127
17.246242582658727
17.252343650077698
17.259900277453845
17.26789267241894
17.268406144012868
17.28877965757193
17.294627226428553
17.299211379739393
17.31220181859827
17.312875865339947
17.316082042764638
17.316511671479496
17.322655955605416
17.3414659858001
17.375557949608087
17.385213592949835
17.38680104414013
17.402659119170078
17.413645482410576
17.428577029920127
17.429633929878463
17.43318538673479
17.433498048906483
17.458798927552365
17.474120067693
17.48563205588712
17.492948925375256
17.513299721723396
17.513745695405735
17.516689989177156
17.522528744260484
17.525424049511937
17.52680349813855
17.60261941282098
17.61309009257467
17.615725876266808
17.61777971083501
17.623499115269404
17.6472787478663
17.66180190428701
17.66428636688439
17.673949294674962
17.68878245469864
17.694311262557523
17.69496057069133
17.695816507580236
17.69756125126789
17.72011373192215
17.72208911184307
17.73432672370011
17.7392076404492
17.741205249828408
17.743087684772732
17.74800693716617
17.763943442008017
17.77201300829181
17.783063911543216
17.79246044375245
17.798590821125444
17.804393225324866
17.81220378162784
17.814384060630534
17.82350601804222
17.83952044287787
17.841537112551773
17.84218691438649
17.84722639513883
17.8535034289742
17.86169030649767
17.872490448118178
17.873569172097834
17.883290971202868
17.89190081140312
17.93555956749989
17.941428192381967
17.941655883197374
17.97304766328217
17.975904772910717
17.977364570145156
17.99060073333261
17.99866377580612
172.70881965137536
172.7797798008224
173.145047640502
173.56168391727167
175.3543125700992
175.58187974759102
176.07089752991794
176.0995460361951
176.1731515715435
177.35952259733392
178.06266243974838
178.23408365858606
18.00003101886471
18.001395861222075
18.00916984121742
18.013974500875502
18.016522791737028
18.05291339666628
18.05912948133588
18.067924532849222
18.078538139993086
18.08750069497857
18.100656034361766
18.109349569043204
18.11173339241556
18.11410158860822
18.12927372436223
18.130163901447126
18.131205513487952
18.158838273461026
18.162825783210927
18.1629449281739
18.16438380902063
18.173751890918428
18.178883035853623
18.185322367944618
18.18894586420987
18.1934929098497
18.194080755343702
18.19720541949156
18.21384606533948
18.222474491966118
18.226260571149844
18.24196169224991
18.255991261684684
18.25607705475407
18.282618727793125
18.285600337054955
18.293086929464913
18.306652556718515
18.33089282953733
18.336587749680778
18.33900257582974
18.35225835758828
18.352711539203806
18.355844468579406
18.360447145507365
18.36244572547541
18.366401332343813
18.37231145308191
18.37723398345812
18.39396930274655
18.406368181925814
18.417072395685718
18.420996821050778
18.421040026203638
18.438937856842664
18.442107250544638
18.445070570214938
18.44630772568495
18.448082763252806
18.454644403014875
18.45853941084301
18.461479596530623
18.4761256474245
18.48800182129219
18.492612818014823
18.49655539854797
18.51608427177208
18.525007356952695
18.531827955418937
18.532261980648137
18.540103004456917
18.551432063382183
18.55697616919265
18.559798281950226
18.57058869771573
18.5852670377437
18.58634815931213
18.609695626148554
18.611304571782448
18.613810091688805
18.63068792437033
18.63835402156223
18.645917936956305
18.65921444418262
18.6598435399163
18.668352560714457
18.679260989971233
18.681111112685738
18.69033299309464
18.705519138074607
18.70681987579511
18.711103471412194
18.721914394863326
18.722502813131005
18.72396860571896
18.733009189644267
18.737142202553343
18.73908374188976
18.74817455934238
18.749516881208763
18.75786060334574
18.79786212902956
18.809404449847335
18.819423062395316
18.82635000431436
18.827980447262526
18.85247154351993
18.872090436039695
18.879289026697702
18.901654880790698
18.91125998062077
18.9142688447626
18.928881299935796
18.939838026179018
18.947282329137927
18.95512444884269
18.965967146111932
18.97123992148173
18.977155630416927
18.998211361171215
180.95699664828675
182.18632964455662
184.59757513574044
185.43091761810177
189.93697962006004
19.012099343448302
19.01357401153441
19.01383766714555
19.022186174434328
19.02660577042876
19.031732999313704
19.033743276280667
19.038152799638834
19.05017459784449
19.064106531829133
19.06760640755513
19.073999285230926
19.075608344062417
19.09290448361775
19.09730245596104
19.109159984914193
19.11854983461396
19.123202393063597
19.1243257870509
19.13244291849173
19.13484846711684
19.1441013817047
19.14908580263626
19.150822937660536
19.151625957879855
19.17287262192463
19.174533525785005
19.17492039955232
19.182350904184823
19.186014422792226
19.1894739702768
19.189603789026833
19.200458760740887
19.205733640682514
19.21509129849558
19.22741459858183
19.230867719771187
19.247450594595563
19.260721538944637
19.265885353316758
19.28469236513232
19.29874169862481
19.309016092798704
19.3451530579064
19.349279616440075
19.361518883444102
19.378510001492824
19.383962288385767
19.38799898216055
19.39053616193331
19.3940718767467
19.39431566610446
19.416226794299035
19.43249262657161
19.442762265415393
19.456125829648293
19.45816455888559
19.47060195662969
19.471562826962682
19.486948249060845
19.498270925163425
19.509798213070074
19.52909776086583
19.547369778772254
19.565432584976804
19.588585616482884
19.589563710225235
19.59005581204488
19.594334132584887
19.597640395444934
19.601586906596705
19.618636288553315
19.63216154712904
19.633922867966046
19.637744259210763
19.667233203136544
19.668616927506093
19.677570634111436
19.678153025535103
19.695926928950275
19.70653553207133
19.72387306589428
19.728511190398983
19.736198467866796
19.739057970688876
19.74329424813806
19.760294655434073
19.76074999609376
19.768124576235838
19.769385198115344
19.77038556863902
19.78077279336545
19.795206319739965
19.80517521324914
19.8157985478613
19.819685429279566
19.844754689439743
19.858731990858494
19.85873612262062
19.87201346091725
19.89020134812164
19.899572360949254
19.90598065593766
19.913564157312063
19.92009925443371
19.956795126781245
19.95795728025911
19.966544810107116
19.96944475158668
19.969531475510742
19.994428049275506
19.997657321193902
19.999330059436982
190.23461524988838
191.10720229738232
192.43561119383762
193.9515702196325
194.1554170046985
194.5582331934262
194.72537455735105
194.83828420292528
197.07780242406767
197.33203550930773
2.0214188755260576
2.0887830631300845
2.0952758415831436
2.1040017040971986
2.1141204208790363
2.115503795291552
2.1353288784398448
2.145777226750062
2.1543938720424713
2.189947474175809
2.190392051944053
2.2137889155885557
2.214558563065603
2.2654639036031243
2.2993550130965072
2.3016071750248814
2.311318289208765
2.3239409340509747
2.3736136980379965
2.3824855290784246
2.3841731694382244
2.404809854073999
2.406725816823863
2.4079183760510707
2.43637928737555
2.4403668886887178
2.478783344737776
2.4941220450601094
2.4942594626974715
2.498418910341351
2.529778430685821
2.531157543005613
2.5455630160410654
2.5475104450840558
2.5574455964902914
2.566543047657923
2.5816294829982622
2.641072893622377
2.645204223566582
2.647427699154394
2.659375760731551
2.6641958585848315
2.692352337837437
2.699618083625081
2.7224114862455173
2.72286978022727
2.7404840829620656
2.747072182371612
2.7629570948137188
2.7642009078080054
2.770999842305747
2.77215156498268
2.799533984276747
2.8028398510367443
2.8056129017055262
2.807486447892307
2.821624789753794
2.826689479125638
2.841450924892271
2.845472604001168
2.855678964760391
2.8683532990122154
2.8711968040688522
2.898679784194762
2.903500921493697
2.906862528323853
2.913912714865572
2.9231348233036387
2.923859386840324
2.9326407940553367
2.9658704448938726
2.991425546060272
2.99544312666817
2.999234444817574
20.020056813961652
20.022975548561533
20.023353341725127
20.023955179531164
20.027206851296693
20.02894125984652
20.034440345605148
20.042287772636612
20.046932769430587
20.04787892042087
20.048917454299303
20.063609705397948
20.068537781843485
20.068613937237007
20.07154550183737
20.086740153966158
20.100415980803895
20.110869714517776
20.1209758460391
20.122354483764514
20.127552317218402
20.130275834517548
20.136059937466495
20.196363754609276
20.213902412545007
20.21641006993652
20.22241095951361
20.225010101144875
20.22502217594664
20.230354693152233
20.2377622720551
20.242002358521564
20.243822736039345
20.25256375470662
20.25862534429407
20.260255520826437
20.265337812647328
20.265724900111607
20.26930458182617
20.27334989419173
20.274526421499406
20.275894820366236
20.28123540744088
20.28308895179591
20.286269093898838
20.292391835577874
20.295924451003103
20.29770357297362
20.298120040788685
20.309766731421362
20.32623108152425
20.3262567415968
20.34599581749875
20.356192189735438
20.36737990001299
20.368377425840592
20.37035340235715
20.379793832629826
20.3908536767796
20.428878798656108
20.439062336863948
20.47547902414695
20.478964374041364
20.48326851886858
20.485991503803827
20.502370953448235
20.504496183742607
20.51907065205333
20.539049714943385
20.54175992102147
20.54215615213399
20.583888580264905
20.59692785851476
20.59899337247069
20.606566957177222
20.618921670088493
20.621145448805905
20.626281620312504
20.63326724846799
20.641926906332557
20.6684534266185
20.671092961463398
20.6719400801031
20.690025234309587
20.69499955408607
20.69727412211864
20.712594041245453
20.712874802982764
20.716845667239618
20.72638755466316
20.727285621709402
20.73329860504512
20.738856722138475
20.746949939420226
20.771727880453366
20.77350012504786
20.79096743132473
20.79196895935069
20.79829477327671
20.79914265610543
20.80668837271926
20.811953821786243
20.816251988277735
20.821584088554285
20.830783457462395
20.831835268378757
20.8419905044272
20.849649949767613
20.8506455443465
20.861851769077635
20.87005652226108
20.87402013418869
20.875757118094782
20.87742885082361
20.9077392093564
20.926386570447622
20.931779345786012
20.93854774925133
20.9393611847491
20.942787769694398
20.96031515749273
20.962187750275064
20.967437461200273
20.974691868132638
20.977020430784933
20.978939970650046
20.983432476327465
20.999285959282375
204.4821475992633
205.77595787729018
207.4477798155987
21.025082915324067
21.032281108200863
21.039180253652443
21.04684833737537
21.052221717288507
21.06891092828718
21.0819369359014
21.09304721903258
21.09972605109286
21.126881229023432
21.147336023546917
21.171547480451252
21.17843828868527
21.18532095888443
21.20195651639246
21.205548306444896
21.219845505337414
21.235798901461084
21.24425294746484
21.24760548109323
21.251006686859775
21.25880382699919
21.26459213299946
21.269442429030484
21.28121726359476
21.305265416542195
21.312548062484783
21.346916845922603
21.366010194876278
21.384793882297274
21.386021633815773
21.413535140286125
21.440161746258685
21.488709170611415
21.50657453145538
21.513647113946266
21.525877639029375
21.542981973886036
21.547202803209032
21.55240668692352
21.561926585884464
21.571128415324196
21.57631944529178
21.578000516346574
21.612248711706176
21.619865301076583
21.657502454823074
21.70281597568385
21.720080757228043
21.740050031944254
21.74857278720805
21.75148046367888
21.75314212697188
21.758767923870632
21.76277237955013
21.76462817583064
21.778337282141056
21.79234979962317
21.79338469433489
21.798705834678287
21.810594984695438
21.8350437239189
21.83655467381319
21.853194330327813
21.859690948535732
21.874037338522534
21.889841687312426
21.894414659696494
21.92561414508814
21.93108527344914
21.9339329587326
21.943703241533125
21.96007777031156
21.96068782116076
21.96532561240224
21.981447445893163
21.997768708470282
212.84673526690315
213.93491325986977
214.04229340791818
214.50419873799208
22.033688288589616
22.046340061919853
22.054906637528273
22.078106535160526
22.1451244573515
22.145128256671804
22.196536989637664
22.199745424784332
22.200165622378346
22.211600614486688
22.212034815132114
22.213304698877977
22.235998865964916
22.25078630867844
22.25717435804531
22.275479656201934
22.27848644210242
22.320622684493028
22.325483131596172
22.32912110130241
22.33433889310715
22.33869883362375
22.338735656160353
22.3454286984125
22.363208000752923
22.363957550125473
22.366019900449203
22.36623751313277
22.3773356100963
22.378652215936608
22.381343419448104
22.38455550198278
22.393608474576993
22.395029826168976
22.395143198360827
22.399565024087114
22.399977192555504
22.407222667909597
22.420279587698005
22.43347407893336
22.443216285328766
22.448197326185422
22.45011719089539
22.463499039104388
22.48268572060154
22.48670504816048
22.488593064468574
22.50115193820306
22.516325743359005
22.526450554960377
22.527289555192247
22.559579235827005
22.58510393620187
22.615328327982883
22.61871495995656
22.62978009244775
22.6423281416405
22.64423059228771
22.646689046752208
22.659301275637407
22.67311988754371
22.677444395437895
22.696536888340592
22.698922814230926
22.700290606075303
22.72526382958351
22.737388560210814
22.74159719563804
22.764338533782816
22.766762712218
22.768130223956863
22.77706410070909
22.780018368921183
22.791099845562208
22.835240362668923
22.849456991866152
22.87064915301927
22.872914638221868
22.87601477165448
22.89562992410148
22.905967229234165
22.90962702721012
22.942812668089793
22.96282034740582
22.966803430707177
22.969772886818685
220.55656906842546
220.84607014298936
227.07055827242593
227.83231226871635
23.003653652724594
23.019598841464926
23.027892319645908
23.04334989780659
23.059798477350856
23.06546777105355
23.071334991269776
23.128220394061746
23.13732025339273
23.141846756717293
23.180947216544542
23.184354710297082
23.192427091692306
23.194255843157183
23.221157867622676
23.24526273990219
23.259483501870683
23.28700259045298
23.30343430860971
23.30942116276543
23.311805219672102
23.347982240461434
23.370579055239904
23.373958016301046
23.398979081040668
23.416029787101017
23.426599496419964
23.448696056712993
23.450565666248142
23.474227162154477
23.47841289209492
23.483008879284686
23.50522749663649
23.53130646966468
23.536200027121755
23.54422661237444
23.576976084474186
23.578281433706923
23.584684210287886
23.58542751308547
23.585608342209547
23.590841119880526
23.59749532673636
23.599927264581606
23.64519255917143
23.648080160357264
23.659317618475107
23.67187063902483
23.693891442613282
23.698401699493676
23.71364691250156
23.72183173795376
23.72245149961334
23.739896663352834
23.7444695927183
23.74960145900621
23.784053070054686
23.797747420351808
23.80547845566894
23.81302823587015
23.824279956302743
23.84183348728373
23.842024795996313
23.858456160745895
23.88626543052049
23.8888566383734
23.890034730853262
23.907906872346967
23.91260436731682
23.92213304378637
23.939524734732757
23.94537063978026
23.950023213285416
23.95331499960302
23.984101537192018
233.05667245468365
234.60192194115172
236.17418008405087
238.32417556053787
238.42406149899
238.4324797864709
238.59217281321392
24.00313032530671
24.032401843865813
24.058686106089905
24.06198244076966
24.070821500993787
24.081705953139764
24.120963138849515
24.134146586668173
24.162156192780145
24.189317613541462
24.19260833591253
24.194184949461548
24.21298308778854
24.21505843215135
24.253346788520535
24.317526743169736
24.324837459473347
24.326289259726387
24.33523641228645
24.354773723049707
24.37879468610574
24.38470027238136
24.397830703150397
24.415209600274217
24.42857535693172
24.451279666409974
24.456811159831844
24.48558112268809
24.522215139370743
24.54694182454273
24.565587196348755
24.595401805607196
24.60526156413406
24.611955944322364
24.62805029727638
24.66008218325757
24.663367532962955
24.66756424858931
24.721727050397316
24.739111614535325
24.749062991040134
24.752998889075457
24.76025047885681
24.76081439014265
24.768171396653848
24.807214851133786
24.80862774737074
24.813962755378004
24.821842013503357
24.853658080679836
24.87270090806776
24.877806023714303
24.89246459577817
24.899348973620274
24.913542926113532
24.91581610443249
24.944106154903373
24.97918502589503
24.98956450608362
24.990158199090974
240.54797028237812
241.1401602788868
247.0396064696162
25.002724758275914
25.005260910446733
25.01450644529287
25.01877343333459
25.11390637746376
25.12625780145845
25.14112899106371
25.18783070015572
25.19878834944033
25.202503769027985
25.20384274708008
25.239692634513485
25.251472771080437
25.27431534349014
25.27733800953093
25.318980978798177
25.33814219572598
25.33946284915402
25.34036695586821
25.39645259120137
25.40223204487252
25.436163062395146
25.43782745917941
25.44367292965756
25.44793500279474
25.4605161495862
25.46058267224327
25.46060020575783
25.464700817982017
25.47316779946576
25.47722514978179
25.489333211230953
25.51031788360082
25.520561559387374
25.55513036348092
25.580930839780983
25.591537881838182
25.595630384325617
25.60757307555732
25.61925702278223
25.62578487899378
25.643224753398744
25.661161872097477
25.668821019301348
25.66923336581889
25.67073747560664
25.670799474652775
25.684106276154207
25.703542452143544
25.708059630871343
25.709864533477514
25.714096231163953
25.71833645358367
25.718592266261055
25.738091643026674
25.74012697326173
25.741935499861604
25.743818406110883
25.747031691947896
25.762517063914434
25.770295482529537
25.774233586722886
25.77692766905725
25.793046948283152
25.79637369064137
25.80399629028123
25.8320987301476
25.83457456978797
25.8405637379102
25.878207688936552
25.90371391224796
25.95735075230001
25.964036569962648
25.968378039163117
25.98225857539918
25.987374399186017
254.73018666494463
26.001764308772458
26.009632496736675
26.04346538556111
26.045311526419177
26.05009179277872
26.05102940197675
26.05508538826971
26.064476364497818
26.065274082656252
26.07688482399481
26.10792657608026
26.127229033542008
26.13460104457865
26.143974931795313
26.1509944922847
26.15136408702241
26.16685018195472
26.174875274216685
26.18533299830378
26.18834727021816
26.188741791401245
26.194603457169357
26.195824218153035
26.234280626846964
26.269469836620633
26.2757887980722
26.281725632354185
26.296261752341177
26.3224899313389
26.322827722580953
26.34178588843544
26.346998584644805
26.347714310817018
26.34790878627225
26.357993187097378
26.37625018973903
26.378620635401738
26.38306452565547
26.39583494878035
26.400671078692888
26.455280739120212
26.47063058905958
26.471567307882573
26.471611648366235
26.488982276572443
26.51983992349299
26.5223960190202
26.555101078991342
26.575101429066518
26.593203072759216
26.602024952969177
26.605922414524784
26.61593390405157
26.621301133175713
26.627346374223112
26.63194731415035
26.65416779275793
26.66006148593666
26.6641435432356
26.701477838106282
26.715298234895336
26.727933456428786
26.739709582823586
26.740487692246827
26.760896608564853
26.76155630421075
26.77691500292494
26.78659774235832
26.790527948764677
26.840874330402407
26.855591842123037
26.876973350351822
26.904716042501963
26.92534615190813
26.928914230377167
26.93365038560319
26.938291955854908
26.970057193466285
26.977763687286345
26.982802978680656
26.98549997638552
26.987079664228236
26.992230502398
26.99380129667738
26.999103247204467
260.6441820425869
268.8284323397755
27.00785240075302
27.010886421836663
27.043984260412802
27.045854755338294
27.0965336921123
27.099785058155092
27.118346622519812
27.120556048616518
27.129350786046295
27.139413591819732
27.16258597267632
27.16588456620976
27.20777429003611
27.217871275529184
27.223300109686825
27.255175264137723
27.271611977066282
27.272390520076613
27.28483466279923
27.287545106775056
27.289645465703956
27.29985362534795
27.304742497049066
27.305188725384472
27.35857160586609
27.360722676437494
27.3646669741612
27.36723676324058
27.374061193426503
27.3778589454344
27.381981824458872
27.413880631779577
27.44704586145602
27.47330477107528
27.47457798257756
27.47863332087232
27.489360450752734
27.498181939889708
27.523062467803598
27.53192568787495
27.53713011149066
27.54926971349327
27.549559077000122
27.55525043741877
27.579390917986856
27.605093970568635
27.60645840812195
27.610004786980166
27.625853997591076
27.637091810169576
27.64881497680304
27.662600335387907
27.662856638822205
27.66820922653126
27.67462666535071
27.681558553874883
27.690148371201083
27.7230698483384
27.748950136859815
27.749424619743532
27.750465734111472
27.7565549469026
27.825728402995303
27.867646553145352
27.869506204084896
27.877664984896626
27.885028345566813
27.887580204430623
27.909961311631132
27.925949367291363
27.93753379491703
27.95723156803366
27.957712164627665
27.959192501457522
27.960570098389944
27.97341795676617
27.98378179230295
27.994351879112077
271.3483479105337
273.3555105522053
28.0150761540685
28.01903283990628
28.038285811887764
28.040588356939182
28.052331400618133
28.06986839255276
28.102991375567555
28.116295758453376
28.126111064846953
28.131838699547494
28.139698068818475
28.16161904988145
28.200789246418115
28.205181095416542
28.20711783687348
28.215759960838334
28.233386454953312
28.235266682498015
28.246052821446657
28.248917916097913
28.27453876341113
28.32428679845272
28.343740601075215
28.369559381986747
28.385960087845177
28.39083904893299
28.41670002918713
28.44500049883537
28.445624724209257
28.529435671518012
28.531249629110636
28.531829815452745
28.566928306115845
28.579730049636233
28.641212871306774
28.67382322072362
28.68368059176161
28.69208249354367
28.70899928750477
28.710158223045557
28.748918938738452
28.7617059991435
28.776217419371473
28.79052806619462
28.808650547826247
28.81487200945771
28.815588938324613
28.840062583393003
28.851698615756046
28.876853026318702
28.88073050654821
28.923126298928008
28.93572881141437
28.937207574168642
28.939777360579885
28.974927113466308
28.99802468516944
284.9063556903198
288.7954695933069
289.6155073968745
289.9497351456638
29.022040882823116
29.023283923845796
29.031943106174978
29.08513174743353
29.085808302248093
29.155190728519
29.17460692719481
29.17870909925886
29.186794144624624
29.207135846280632
29.21511138029095
29.21959364257209
29.224812028597373
29.228911088869797
29.237093264509546
29.241220082542753
29.25048729424218
29.25551341554144
29.267393718341978
29.274310532855583
29.290296159447127
29.31695539254527
29.331667509686724
29.36357176251252
29.375314656876427
29.376425765553712
29.37886526162839
29.381743687856265
29.43289966944982
29.434340068651455
29.446807084265487
29.46397525592381
29.484782634090323
29.493751314909577
29.5126258004455
29.538309965014296
29.544570631434233
29.563926789282164
29.58799886011865
29.598953292127323
29.609088246460114
29.61096714775545
29.61491379214242
29.62163487289846
29.626167913192063
29.646542507102065
29.702843438319142
29.730796148707828
29.737644731587427
29.740182294530456
29.7417162730052
29.759950541079856
29.767079967977764
29.78569986261052
29.83776451618006
29.872781338008277
29.89616612664872
29.89720564384309
29.925110132342372
29.937508237664627
29.941780601647793
29.943548812251827
29.950465017993064
29.972118313053404
29.976195616178902
29.99442015215313
29.998799428678627
297.18321246378315
3.001950614763445
3.0313338435587607
3.0334831688975323
3.036635954372969
3.0636017990843842
3.073088324036538
3.096784987076997
3.10191788583716
3.103088923277961
3.1133821968031867
3.1188574874541857
3.1216363043884576
3.125608014051593
3.127963872202063
3.1301031669297794
3.140861447746197
3.141711678292841
3.156572656721306
3.172178474668296
3.187207020168533
3.203434994364706
3.2115005822239904
3.214003329834262
3.2224436887722656
3.2335068874294235
3.242998776687076
3.2472067056103744
3.248133256302282
3.2510804721803086
3.253406727716003
3.25469623663083
3.3096631533229908
3.319401172723736
3.3268922821669014
3.3301420746114325
3.3326492031268997
3.3328225760419734
3.3398734685114793
3.3556419532756308
3.3571563809950633
3.3636298030702605
3.368687536390168
3.3781260508723343
3.414641205081043
3.4303244962702033
3.445789340841936
3.4616005632411255
3.46914069512658
3.4726012646281017
3.476582387727613
3.4840075366329355
3.4876250824282975
3.5036003644498326
3.5217460478287457
3.5490206132848123
3.5498458513043314
3.5509046426483906
3.561297424025638
3.5698137894474455
3.57377810811763
3.5842495666918186
3.594637412386702
3.621053255325396
3.622341515059934
3.62262397411246
3.627181625131617
3.6273525303911622
3.6314236604972003
3.642130469569462
3.642450548014679
3.661747025885485
3.668809406741978
3.6694128961242853
3.675181930253094
3.6755829512291216
3.679013355154786
3.6802177947816506
3.6961715030649804
3.698543400494469
3.6999153299305854
3.7017653959284478
3.711137697078946
3.7137721494762097
3.7283345258564573
3.734294489958313
3.738745351210964
3.7434095437578168
3.745472470450479
3.7556853554857548
3.7640781597116373
3.765272919860511
3.7736436619497944
3.781097786839541
3.7841743619495483
3.7845244641484
3.787376755405037
3.8040774760686413
3.812203010991391
3.8221862657283134
3.826838534373598
3.8309886173539502
3.8341973688513256
3.8471378869913675
3.85029913986576
3.8551387358703724
3.8627662356739174
3.872457171363289
3.886881437550506
3.888633177686362
3.91658442058678
3.920343274897642
3.9359410156362853
3.937534524466715
3.953325727590659
3.957044331714611
3.9620255370475252
3.965967871925772
3.9717280110917685
3.973407138392797
3.9771740832118554
3.991817463210407
30.0397106394106
30.090396540593485
30.135150916029563
30.153393502735984
30.186858173091004
30.19249168456892
30.199765913758675
30.206749040791177
30.230243823015304
30.231821162747927
30.233808860919932
30.23897634995571
30.293725588261
30.294135455299877
30.34011677425531
30.347162066230577
30.367331786749585
30.378657834338792
30.408700776802576
30.47478414617772
30.48543453151577
30.48620116028647
30.49196859800001
30.493038456654705
30.495239578566103
30.49841755236688
30.498838175632972
30.51698231719915
30.522702381284635
30.529383628576404
30.539396042258893
30.559601373432383
30.596428043847236
30.61720527405833
30.624202995898862
30.67337209517598
30.678553777535054
30.68018591729294
30.69063803581446
30.725490710489147
30.7500732951607
30.78847379085332
30.80341781351512
30.83608979413745
30.84118052411398
30.843742803813395
30.850496490143613
30.86183417436109
30.895792843132618
30.920308184953583
30.92315467697779
30.9339450087071
30.94676965067347
30.958885186109168
30.960795618504285
30.965554652654266
30.969921528464738
305.2210521075869
305.7683978447484
31.00117526683352
31.020183357622923
31.048254654626646
31.048457563370874
31.078598583754637
31.121095261488485
31.123738630092042
31.125072327000108
31.13382267114049
31.161379521289433
31.162727561617356
31.179377160893942
31.183963976318054
31.23683581568883
31.247970643630442
31.25038219113426
31.25444002050526
31.32022419525557
31.323777186930794
31.326062188691285
31.34573392492902
31.347590361652784
31.380614116685916
31.383692487174084
31.39016683879118
31.391566859903897
31.41726288472462
31.439337967675208
31.45028776281424
31.47836709073781
31.490493347266288
31.522327926389952
31.52878560538263
31.57239439552004
31.578567522337597
31.593938982924534
31.595446173155974
31.653462328957165
31.67163571637765
31.752971060690307
31.780444486377966
31.78112935722929
31.791173491761818
31.81708532982513
31.838971625598568
31.84760661043941
31.84816401604443
31.860746157464785
31.92169506901736
31.923478818732786
31.933967887918445
31.972743759303107
31.978918509091546
31.99917168587015
314.6101011632286
32.00513866563257
32.01739843781091
32.0219317907219
32.03199672188031
32.03759421931042
32.04408550357629
32.050394993105684
32.0836680697175
32.1187309167155
32.135823386102594
32.13897513162418
32.19864273010424
32.216189595213926
32.22465447723686
32.23291240400535
32.23711177721616
32.250667229431784
32.263870394306906
32.26821441725839
32.269228206016244
32.27994154084261
32.29854781289537
32.337116655592645
32.33845652122721
32.36164236203733
32.36200788184761
32.3648171834587
32.3861091845266
32.40368739080345
32.477534940693985
32.479171771486925
32.485349631819915
32.50999122357171
32.51309816737806
32.519251445245324
32.519408496782404
32.526071649110854
32.547541657790106
32.55184322534764
32.569205301856066
32.56933013825695
32.61262943917322
32.62270081969527
32.623801253973724
32.65309004058933
32.65683041666698
32.68183495162052
32.6881607914797
32.698526154994425
32.70498989786857
32.71627965201815
32.72397132638281
32.72909032718532
32.734350732777564
32.735362918319495
32.73767205821225
32.745202000443236
32.76013478060054
32.76765401362367
32.79481523083029
32.81474267159719
32.835616677255736
32.84715649406542
32.85417894365406
32.85779137090432
32.91119770775956
32.92609154298489
32.944759358642884
32.96812811364799
32.979697226855805
32.99836597663042
32.9999408186098
320.5218246109231
326.4027581424258
33.002152519764486
33.02720727040963
33.05232954184103
33.062351067630615
33.10000187627366
33.14105361166672
33.191205779240896
33.202733712766516
33.218888567692936
33.27252360866077
33.28031177861316
33.28201946794983
33.29941383281991
33.37561025259913
33.39800736204002
33.40273707205496
33.40590603045693
33.41589139892822
33.434874250238614
33.46476123931904
33.4996360189658
33.50948194596306
33.54255255254915
33.55016659556171
33.556117339527894
33.56046921730133
33.58516100127589
33.594441642716866
33.62549316511595
33.63918370605552
33.6528983336072
33.66011891553009
33.673383887752394
33.67832322935041
33.68318656972646
33.71156802043317
33.75831847769099
33.79390930024775
33.80245014294247
33.80777309845474
33.81378941935635
33.835498512521376
33.8642997472109
33.86587159331783
33.86782735393661
33.934952011917716
33.94256063649452
33.95896311409453
33.96400153639871
33.975376316832744
33.996639316160795
339.3419194582703
34.02020973490329
34.031757519399385
34.046910367869465
34.06316911556938
34.10511211075297
34.135152052542686
34.14809424556138
34.160045901023835
34.16557363890909
34.17004572763599
34.18823203261085
34.22209046762958
34.25090430491285
34.274687963087985
34.29281099093064
34.33507187558622
34.34896831519433
34.367574891694325
34.37101362330004
34.38557333630611
34.3883341691791
34.418114048210406
34.44592417561062
34.455589553845776
34.46279312950124
34.49413024461367
34.494595259952526
34.4957330461558
34.55378186857169
34.57498809374388
34.58647701657334
34.59588082782186
34.63108052521864
34.66289769857917
34.6669288622678
34.69288773342736
34.69694609203256
34.734300121168275
34.75052111351783
34.76947088490434
34.7826692596946
34.78975690458415
34.79313690683092
34.80365878234874
34.84227583983704
34.9301116533679
34.97516089541867
340.9762361956941
35.01181615427544
35.02248391631793
35.035966346977645
35.036639734437955
35.05546762704016
35.09670085857959
35.10190250553716
35.15270777977065
35.204494805315726
35.210280345840644
35.21458450806485
35.2403335075015
35.245058605696094
35.257016274296916
35.273984948510524
35.27736184207082
35.282818653076276
35.299240214162964
35.312340545094834
35.330275107226825
35.330570370849934
35.336385318809896
35.340010224658876
35.3462571459564
35.36304255238066
35.391760546451856
35.39583464972563
35.43501902233906
35.47805612140138
35.5066082786909
35.53537182512808
35.55345478660723
35.59615217593472
35.598142596505845
35.59937233649921
35.61595147785742
35.631944146352204
35.64352217197193
35.65777324524376
35.658006624129975
35.66262472762553
35.66296774874158
35.668996208840596
35.671724767133234
35.73771810965011
35.75592607298905
35.820068110877216
35.8255917126789
35.86286931640938
35.95104812947826
35.9854806609986
35.992441477792646
350.9291939050454
36.01380962680098
36.023343250688924
36.04010069107747
36.074541694538425
36.07626519845402
36.07696092863963
36.107963382451885
36.111091166687906
36.114978506801826
36.120654724226554
36.15771481858279
36.21732900811508
36.28128892053932
36.30538479546166
36.315360800652364
36.324597929259625
36.32482427739638
36.36979373922807
36.38749647333623
36.38981121136254
36.419141994499704
36.42069231706528
36.45657396952345
36.57690606652331
36.57945192470543
36.5905461309354
36.594652403819
36.61174415503692
36.69103161589292
36.780400027569286
36.78201079039767
36.79985045411545
36.819771726772075
36.857746337785734
36.8788499859308
36.8974867470433
36.931682968561056
36.933184034639176
36.93733650364271
36.96980911127037
36.97900407827979
37.01666630890088
37.02563186911318
37.03448454040258
37.03482260052389
37.046396372057366
37.05524295334886
37.087622154814696
37.11053210452926
37.1649239043184
37.17774251682599
37.18719589034663
37.22363057629254
37.22396495291842
37.224960254731656
37.23658964256687
37.242763964580654
37.244844142745286
37.279456281199906
37.302836448469506
37.360888120602695
37.387680214450825
37.41666416440651
37.45542227482148
37.46359211025054
37.51716901834918
37.551474350670574
37.553544607556304
37.55484549207282
37.56086568420327
37.56826054876373
37.571888324021685
37.64516552525457
37.64938057058237
37.67292918689952
37.68563900234565
37.712514440558856
37.72500776289818
37.7267973915586
37.755679786074886
37.78945316491179
37.79779937890182
37.833752987281066
37.83989414802442
37.91191851851083
37.941387983202404
37.94517834486535
37.98305860536258
373.1927360973463
376.22644318833716
377.21060438880716
38.01092886241453
38.08458930775887
38.0994002829877
38.10869685803832
38.12399288786651
38.15029651723202
38.15584405793987
38.17355193864728
38.212732464454476
38.22028562851978
38.24615932130293
38.25113232945222
38.29134329850336
38.33193658306988
38.38698455421776
38.42670245631766
38.432355548704564
38.44119155790305
38.45446725936332
38.457257840203994
38.46107995775395
38.47695016820132
38.48481719904405
38.49471906220107
38.519689911230145
38.521312554427894
38.54032214218002
38.571728949257306
38.5994466866436
38.65737518839394
38.688069289074875
38.712366952162995
38.749162144294885
38.75544295076969
38.75736081646569
38.776210800384504
38.800813441723186
38.824688169360336
38.82511503935082
38.87456053572716
38.87748279812492
38.9325091682296
38.9630827934029
38.98825231668339
38.99730484386472
381.9979607290185
39.08205433299137
39.08749182796185
39.11751049782096
39.12203872695388
39.13796541526293
39.1383240815053
39.14202465917912
39.14982771989308
39.15614547191174
39.16065345357526
39.21930491850578
39.222616004101326
39.266872955153836
39.27417581837332
39.31306609947135
39.345640541914065
39.3517712810383
39.367707340449996
39.39068235436926
39.40369646093763
39.50049884209071
39.503595299517826
39.5382613821472
39.55432974385802
39.625002888915795
39.63287970237156
39.63812561976437
39.6508295855018
39.71164848349331
39.712553914432874
39.71858450840799
39.72413578484443
39.73840931836457
39.78235391876771
39.78450010152234
39.78583909772778
39.78842671579276
39.816450282766525
39.84658365318922
39.941970706872986
39.94414659106955
39.98702581655637
39.99658953478242
4.010626413803212
4.0148788617575715
4.0157325795158725
4.040214608994719
4.053209853884827
4.054066025531562
4.056481467384666
4.057473988332818
4.063314186261801
4.082440563887831
4.0878490965247885
4.102470726601535
4.102535758492565
4.104865485469906
4.105097880281344
4.107734180902018
4.110444412206717
4.11564554207038
4.116625291059182
4.1227246229457775
4.123978366866662
4.12510992707892
4.126412663383596
4.134888039907173
4.1582437743683
4.176072802832016
4.178214261658913
4.184618706570252
4.1989537142910915
4.204975421098619
4.207930477312694
4.234958300667838
4.253288908192539
4.269629808543242
4.271124890836356
4.272706195985435
4.273353896202638
4.2755203442737395
4.276055091844458
4.277196286959012
4.286761023957322
4.297444729729643
4.298068752047899
4.302671986336968
4.307990487639643
4.308092216481521
4.30823873300709
4.311554047895873
4.326716456363385
4.333686125616968
4.3354876503811335
4.342539874114177
4.343272963370671
4.362665920516497
4.370176276516227
4.384056215556034
4.384617189691083
4.388443118967111
4.399211246415736
4.399546268281952
4.420880291476558
4.4445391391532665
4.4449473413837595
4.456634691235386
4.4648836088185835
4.485553112537491
4.517348787127909
4.5178330001564175
4.5266135794284885
4.531174268160397
4.534026036924671
4.538204557107702
4.557737400546163
4.563300117614736
4.569897889829668
4.5776199888924465
4.581419001275715
4.582755912154363
4.584416542331836
4.5989864922394785
4.602245983834382
4.611685406671971
4.620494117693707
4.624515940299137
4.628475474688139
4.629680233498333
4.629926274148868
4.640441658148769
4.64302878865581
4.660911984311438
4.662488701106401
4.668476987946206
4.670111634419897
4.679368628561918
4.684449678917176
4.70228764037945
4.716158814983271
4.72025280570847
4.7353936224294495
4.736600147401493
4.746118117826645
4.747520244155183
4.759585993776578
4.762284276911963
4.774733482354171
4.77796438671005
4.778860627000791
4.7791610361321135
4.780112917417843
4.7822591665272425
4.797276771929136
4.798859017202689
4.80008696157421
4.809104513496475
4.815299045076468
4.8162643566091
4.82320351330073
4.826706099100745
4.828194647085008
4.8368569799453764
4.838401452693247
4.8592187450364515
4.859814797034651
4.861187065911971
4.874372782134482
4.885674879290915
4.889500514940478
4.901172582692395
4.903033971001824
4.904757612640653
4.917434369320424
4.926851351070722
4.928571118551104
4.929917273047576
4.930455596275191
4.93132762665511
4.933526263969143
4.936499877321096
4.943737802816423
4.946896387454306
4.951788358792704
4.952021910927769
4.962603235578275
4.964222201318351
4.969881916980197
4.978306791621893
4.981060299881977
4.98778570284971
4.990940803164824
40.00295058422613
40.01614353802143
40.044617045289
40.06051859185376
40.066130556570386
40.07218890289907
40.104762781168084
40.108008339673155
40.116010443092954
40.14149010681949
40.17620833187506
40.20508434845075
40.21617827543442
40.244029635266756
40.260595192202416
40.30595270564629
40.334157179897595
40.359365950076054
40.38125582241073
40.47968657289951
40.48394064030129
40.51185221459506
40.54688768663071
40.590784862274205
40.60993284816539
40.62314373769948
40.62908912397463
40.65761147667968
40.66711289948526
40.680301809288146
40.72651372965173
40.7444076028707
40.76938301740569
40.82008726086097
40.83430213525296
40.89558139239355
40.9294670039116
40.96820236734248
41.041849238180156
41.10154575773554
41.234606388830365
41.251432251719685
41.255852344205245
41.26930221262939
41.290595119573936
41.32710135696667
41.334268002680794
41.36130386806757
41.37305744541449
41.3881420493263
41.40126316561094
41.41671270812427
41.46025737871074
41.51727565137242
41.52320163321484
41.54549443013615
41.551599939381354
41.55310519040187
41.565270251693214
41.610135598351455
41.63892328870151
41.644290640766236
41.6788251492955
41.68778514892902
41.71157943161943
41.86219353406232
41.87289598585082
41.89133569376355
41.910684092392245
41.961390279085606
41.969715411979045
41.984845943698396
412.3366632594376
42.016384825950134
42.04712907270631
42.05461597766707
42.05570471800519
42.056164643008316
42.148428804425194
42.17346750486141
42.17941559366557
42.18147041044587
42.3995988929981
42.406982119483885
42.47923412247449
42.48609051226411
42.51337579296812
42.535319586621625
42.6186427354198
42.627054242765524
42.62997075417542
42.633771567890385
42.693904413787
42.69403469942806
42.75494897394324
42.76881635758179
42.802679711297664
42.804699126420275
42.80589934433674
42.812074472547515
42.81739034135557
42.83093300316898
42.869087131678555
42.90141406262553
42.910507732314144
428.7195776026323
43.00295776895553
43.03221616264423
43.0655537429623
43.07275898554879
43.09854314564707
43.21420634943691
43.23609313447473
43.26166338565093
43.35787214086595
43.3644842665707
43.37988411301921
43.42966546897278
43.44240803747488
43.44782386030213
43.465815433368014
43.47004220069114
43.47949642770691
43.48485894019403
43.48523386192985
43.538623188355885
43.56458914357976
43.5926889171504
43.61008827500154
43.68330326802248
43.69377472541396
43.734205028966514
43.772214435625614
43.78355707247398
43.88189457160511
43.91367967775028
43.916988055302845
43.957327903710585
43.97836918905451
44.00344693716676
44.01917824301216
44.023818853703894
44.04425357640602
44.05714818242443
44.08177078779163
44.09979193050585
44.10429913717859
44.13261073340874
44.16418597222909
44.217132026311475
44.22319445240802
44.24470996604933
44.29381901079611
44.31265884339093
44.358276995838985
44.37248003202986
44.37810807525552
44.41081527336616
44.43383997821746
44.53071902924012
44.538286964905105
44.54871715923741
44.55791335077817
44.578229858069456
44.68426082266106
44.696877109081306
44.77614835283441
44.77962209852895
44.8250092104813
44.8343386041755
44.84918371357718
44.86020232328539
44.92994127048396
44.98560851599904
45.04037523651318
45.048296925116446
45.08921535634689
45.10704573545811
45.16861131389211
45.22258890295792
45.24192076372509
45.323428996840875
45.329773786
45.33334199705503
45.33398055737958
45.34593084806589
45.36631020164459
45.40914532523327
45.42096153375708
45.488776500051536
45.572676601295726
45.6062638512398
45.62345228308442
45.63990294420502
45.64615032371705
45.658778251996935
45.691883501069405
45.69590399889967
45.71703837799831
45.750463539505525
45.833075255651465
45.86508217820453
45.87874681417624
45.924475527444926
45.94869249183027
45.9555484746561
454.8829245561726
46.04244395011337
46.06978705153079
46.0949035971693
46.12234579212162
46.12976536552721
46.141469398032505
46.15406715324784
46.17935735795047
46.2162936645876
46.29415004774623
46.299765102874666
46.30919904746276
46.31047516678733
46.32651016139937
46.35764353359758
46.36600665568144
46.43139356727802
46.47783228467818
46.47810900334834
46.48529514533049
46.55167635509238
46.57165775947723
46.59228839552758
46.67786044509735
46.68004963197906
46.681858615658555
46.73123876543246
46.75286842363188
46.8286590975967
46.83885019844668
46.881191010841306
46.88897773584047
46.945677604847326
47.00678549476978
47.0362598131301
47.17513039255717
47.18858442450918
47.189532555463515
47.27723884855189
47.28757501588057
47.290424863002265
47.400584661957666
47.4192475321336
47.433157103711046
47.46828517149481
47.58058500301234
47.62219641221618
47.684394099365825
47.693648173590155
47.69944551056469
47.76700859788404
47.77491657390035
47.82641583689257
47.860925405694985
47.86632424938028
47.86985485924019
47.87181875261989
47.88782513445973
47.93098335556692
47.940857606523934
48.02149945535021
48.02268669084348
48.0408109164904
48.06893135241496
48.09920279049069
48.100164369482975
48.10360782624336
48.12592840606819
48.17499760835135
48.18565292513206
48.188445897504
48.221359579795546
48.23707581635197
48.25728737513909
48.26447265891961
48.321314819854486
48.3849941363768
48.408212672913606
48.42966981442226
48.445843689593616
48.507396216999645
48.63248949303261
48.641322519132736
48.66686040585382
48.67259867306312
48.67971598139997
48.766257331219
48.77609104058183
48.83390400597573
48.86820442776933
48.8965491166506
48.89872545526244
48.956765105989675
48.98190083751424
49.100081660328556
49.104468191953
49.10973443133518
49.224837875784
49.31359390881259
49.31663310528844
49.418659141221305
49.423788717816514
49.42884560693858
49.457873504948566
49.45890476016732
49.505149195775644
49.51945347606683
49.52948945222941
49.55518103711598
49.58766461133787
49.64620367263967
49.68025476780712
49.74884696298785
49.805181805774374
49.865250190614915
49.96568702747744
5.017646636502353
5.029468083031382
5.0321872491604385
5.036477033045905
5.038286577879394
5.041727089295969
5.041770690651351
5.043731499779798
5.057913047633714
5.06539039925953
5.065646693047264
5.081838592234606
5.088717523017502
5.090535231477481
5.094212075975425
5.098895939607866
5.1029770133083785
5.110219300772436
5.111881253255053
5.113675793158811
5.114712734622421
5.116277598042344
5.119513640124199
5.11970914972516
5.1341006271005565
5.1507325695600965
5.152764700529416
5.152984848440959
5.155207068879097
5.170290106692941
5.173306172103319
5.175236322800009
5.178261203778834
5.20356193666294
5.204615408951041
5.207007294521705
5.208490909498815
5.23072781542704
5.237384262781613
5.244771850164598
5.26016987459362
5.263431674134133
5.287434236877695
5.291496255061563
5.302784930351772
5.305636923861496
5.307807602410446
5.316455147844714
5.316854740930956
5.321335811013002
5.324745075430813
5.3261087165887036
5.332330640315984
5.346332661330885
5.346535655365904
5.37070285029804
5.374364482345649
5.388598762534846
5.388890100298394
5.39534118177117
5.395923773692955
5.400869538792813
5.4057472007113665
5.408835459547769
5.416703186516715
5.435661584226148
5.441763442245705
5.442004388203463
5.443767258100693
5.444311724824159
5.449422457057209
5.4838453562617655
5.487208486093275
5.4875186081353
5.502295540096407
5.502487537226476
5.513327549344219
5.518702799673555
5.535245368641489
5.544594718659151
5.551783728501545
5.553885409072705
5.556805976434028
5.562331168224818
5.584823884458953
5.58483787502048
5.586540202453477
5.591930633757816
5.596472548806458
5.5992486693951316
5.604691887877061
5.606414325682734
5.607763142470729
5.622653246375954
5.642850331009633
5.645003792795058
5.658743095998837
5.672921307098829
5.675616852886482
5.693276937196142
5.69435872336556
5.69620309536441
5.704185327177616
5.705116544289211
5.706876262557202
5.708526334313644
5.709971091111149
5.7174441813883075
5.746615587495754
5.75199312922699
5.753816420261268
5.776303764063271
5.779175409961701
5.783003271953246
5.785077913144197
5.789903454117456
5.808075333174098
5.81112508215603
5.813830007485621
5.815692477014541
5.818262637271838
5.819992667437553
5.829881222148072
5.838864826137451
5.840386095904225
5.845941455025865
5.855841999033074
5.861016731422127
5.867914471097455
5.875675010572019
5.886747353741867
5.88686313200919
5.894894153339305
5.898991888974355
5.91273075714456
5.915830640743473
5.922926673937953
5.924151473264245
5.935010087521544
5.935925257389511
5.936393137787249
5.936523770823619
5.942780987111695
5.947813161231594
5.955087813361881
5.957654570713815
5.963769081617872
5.969137042397528
5.976998972646548
5.9806640269089595
5.982174894940509
5.984577555136794
5.994439755839764
5.995390837802337
5.998073354003579
50.02994225089551
50.037549600949724
50.066112357406475
50.094597304019906
50.16242265888285
50.20161149927845
50.248210058875266
50.27240897879876
50.29614327299465
50.347414255313794
50.37860172441148
50.380370959871925
50.400670629523184
50.405006236856025
50.64299592278844
50.67169904533711
50.68107536710195
50.68551078838515
50.72019224195328
50.72795965081026
50.729452058796525
50.74249981543543
50.742943164465196
50.78037943877347
50.81425627945888
50.83521947352396
50.85114704755684
50.875916679665
50.921885450303876
50.926051112048626
50.9542091180798
50.98462265815088
51.11820462018907
51.13171739644919
51.26520570340143
51.315389571805504
51.320729511908326
51.324726118441916
51.32522402089943
51.33309589798587
51.365291187653234
51.417066919985814
51.49945606399048
51.515578073490595
51.545112453428224
51.563669380594014
51.6905890082579
51.71524160224497
51.720014453115304
51.739473746659385
51.76406566428707
51.8185257643489
51.84839019292905
51.89324569051351
51.898281479403245
51.962305152981806
52.0804660648001
52.11218337863058
52.12018265921216
52.167283393063116
52.21875382964321
52.22543953309564
52.27273542333455
52.285039815464835
52.31291512514048
52.38581734173548
52.519552284750354
52.68617417448456
52.75451049484454
52.79265809159215
52.80389056975335
52.88493677814694
525.716564775605
53.00262864433405
53.01797776359678
53.03818411477627
53.07689431052931
53.09012489560319
53.09580560311296
53.13307537172837
53.142984228268205
53.16122855324106
53.19887164996539
53.206243840556304
53.311179953495554
53.31864957456158
53.38781505684821
53.48352340329329
53.51346615439951
53.55652963574557
53.56067052042261
53.56404204079138
53.629180612461504
53.773021407915664
53.78185642794249
53.82654628489449
53.83882473152424
53.850237440982674
53.882556452362046
53.91403059121136
53.92279365100426
53.94057017572226
53.95988893569648
53.97499286814943
532.6107066572677
54.02178754397363
54.05675381603108
54.07828311107076
54.086301335736394
54.09429356528951
54.096196950631345
54.28222208802502
54.29681382013055
54.33329689903438
54.36451628887704
54.407889022222776
54.44297259188315
54.458041671323755
54.47085066581272
54.49172913511928
54.59029913326992
54.61742637714938
54.63847495318172
54.69475539615376
54.79343135835135
54.98648602115801
55.020290082489566
55.025220162823885
55.125852064330594
55.22784153252697
55.25138770680522
55.255047271025724
55.265905400477116
55.28237862465108
55.29021061953913
55.30557906714401
55.36319531241698
55.446133813498456
55.47241722136224
55.503454160506735
55.63828494429049
55.68913166260572
55.73459307465131
55.747770770737006
55.76673649531916
55.831873280761265
55.97573972757244
56.007852216410015
56.037593524555426
56.09892914287745
56.20664987046124
56.24864026389235
56.26375045212542
56.34046597158636
56.374290785856104
56.507120759018896
56.53767794685126
56.60109297014697
56.669342488160545
56.868279094026725
56.89248499160079
56.98114401629699
57.03192502404052
57.093532605375586
57.15584911260593
57.19791794677593
57.23060884194331
57.2378306489025
57.25566922342815
57.29553854932095
57.35116098827307
57.40445440742439
57.52018651368133
57.529252506375116
57.549561242617955
57.62102594646322
57.64236711606335
57.67442571878133
57.685907194616796
57.69771327873583
57.704293520275854
57.72702228305151
57.74311508870049
57.81425484482877
57.980264272780175
57.98795582390023
58.173766718264936
58.228151122779536
58.24905971532537
58.27778440338801
58.294429229793735
58.35938202529653
58.38056544874054
58.38503430638653
58.396135534137194
58.418642217484056
58.42441798547937
58.45191237527863
58.467424652260064
58.4763578569648
58.56028038483021
58.5727886551009
58.602211234476115
58.75376076879537
58.92070197342687
58.95716648760843
59.00141429146351
59.010419334898415
59.18391533228129
59.240757952698985
59.38351231040565
59.47753170901787
59.48834949753379
59.541997878055675
59.622599974701416
59.643829602190905
59.678368093924924
59.69686738626767
59.69772769320856
59.70181070893816
59.73599980742958
59.77295946721629
59.833892497949684
59.84159952332825
59.97817702113343
59.9783786459205
6.001158389233281
6.011441902693878
6.01164374951307
6.023095762442882
6.0242164907661735
6.0250662305908005
6.026177636714559
6.031400632917563
6.035800118612098
6.039336458442708
6.045273858515993
6.053727352826117
6.079597551917807
6.085350992488607
6.095154703942672
6.0990011200062595
6.0991300794078285
6.09957198272976
6.104847664542991
6.110249041187226
6.110493184667193
6.1135738305931
6.11861902728235
6.120039935494622
6.121827231797499
6.122524810024581
6.128828559198707
6.1322970785488815
6.146120291307759
6.147228264815971
6.147867002981462
6.153315994325203
6.157669803217077
6.161097967353858
6.170241249441072
6.17444306913198
6.181573874945179
6.182251144699349
6.183227456693956
6.1844107987508625
6.185029052544224
6.186870461766618
6.195125628149297
6.206690367975608
6.206935603802148
6.208093748424382
6.20855517145148
6.229201544355768
6.248003383618745
6.250479786990592
6.257096055389808
6.258486742776301
6.2699252298919514
6.269954858318864
6.29300179324126
6.295122360278889
6.298494918675556
6.305508687845684
6.314925634845213
6.330011954870909
6.3504867467187385
6.365091975984887
6.383861843714263
6.397283327616716
6.399914425739196
6.4052623027692865
6.406381263196581
6.406494108586179
6.417069939843944
6.422839469069995
6.428925859543197
6.433796724079819
6.447663006306755
6.448000738188519
6.462340683998004
6.4636148326030245
6.4795162998368845
6.496572773068785
6.49663005914758
6.49810563641456
6.505123253924693
6.515792168816382
6.517603654144095
6.519648687999278
6.540393235667491
6.560320312087928
6.564410112617853
6.588854166810778
6.591884447200869
6.607450359363651
6.610054882123741
6.62087733935977
6.625578320320943
6.629735075724494
6.633336059490609
6.634793249281205
6.6378538036122166
6.639699992088663
6.645026273489797
6.672995805003553
6.675256834962001
6.677954356481072
6.686963943692389
6.700155617852077
6.719134595789626
6.723826017546985
6.728272288090076
6.732442136789818
6.7360686614206955
6.739173888376952
6.739230111501649
6.760318353759175
6.784201000450177
6.794957349619216
6.796216992331438
6.808784641941474
6.822284559456153
6.8236877343760405
6.83247225707295
6.837384408297915
6.837536787850108
6.845392615918456
6.847806519868755
6.85418154333807
6.85761399593537
6.861697931546958
6.866636930067482
6.867701579288026
6.871254704826045
6.878123680371332
6.891610370182252
6.909723553588011
6.922035589636365
6.927826691920061
6.931013623949036
6.932806340850145
6.944916574724727
6.945853411208298
6.958083252452077
6.962144081526364
6.964225311832533
6.968088930413843
6.969297767450986
6.970503156109793
6.971168840550465
6.977026854880797
6.9786116197156325
6.984884726866291
6.990613127073369
6.994381075796912
6.997049811990515
60.11850554144816
60.1203019431379
60.13969178160928
60.199351363419275
60.20058501399428
60.22808749176931
60.239105340550765
60.25640807993168
60.4432955271453
60.530831799981065
60.558542021713166
60.59409963334535
60.64195359176989
60.660879063857955
60.706667852382424
60.727830557571416
60.7710416589173
60.7957312845576
60.82521901570705
60.86572038938072
60.88391470524948
60.883981512003594
60.89558792182056
60.94045580073717
60.95143371682172
60.99485797470691
61.001510287974746
61.00880024026575
61.05562675449745
61.060890073367034
61.09036789326817
61.13950478266308
61.222191301402425
61.239969904834645
61.27841308757259
61.36749643097246
61.41063475873086
61.44091019157698
61.487706655245894
61.60188395260268
61.62709159688891
61.69091938038621
61.84421426209931
61.890798088209834
61.89951909687904
61.90923412570961
62.10510145500105
62.19259832056321
62.21439381947024
62.23152703282712
62.3316166344951
62.35454641678201
62.36628652925795
62.43110606573903
62.432365173315794
62.45866621668043
62.60672593377103
62.623947463983335
62.649256022723094
62.66160088244608
62.6959646593348
62.699702989351486
62.71805063139059
62.80902410241859
62.86030426066758
62.88136980192367
62.99887650219225
63.01976482999962
63.07751279576882
63.09135078918298
63.1301855688255
63.13491771918267
63.21049959806624
63.21341631639151
63.26372591708933
63.32867190484929
63.37362570156064
63.47686308047465
63.553763752053946
63.67204242761377
63.75390476862828
63.83598417974687
63.8690072731503
63.95570427869263
63.97486118972488
64.11930430678608
64.41318000227109
64.4153640229475
64.43123582428333
64.43224185502449
64.45421811004759
64.48816578290226
64.62911528318823
64.75531288868827
64.92017988065207
64.96487188868075
65.00655633411455
65.02025257126697
65.18146382516342
65.21453974669762
65.25458527076074
65.32735788545018
65.39161546710248
65.46152167945141
65.46320496814654
65.48397232116518
65.5658912077451
65.72028159470936
65.7774476326347
65.78360480336491
65.79169471007306
65.85676201920688
65.8592403574068
65.92038053765566
65.98624101592203
66.15286189700802
66.29497058692347
66.29617372057577
66.32647654867435
66.338852487154
66.47490713959677
66.50209192190239
66.54180329601802
66.76021757155682
66.8577941474506
66.89186796482521
66.93442468628541
66.95277045839765
66.96917731347048
66.99334474724692
67.03792003311324
67.04998181876289
67.06426779080749
67.07670292209947
67.09167763881268
67.11109905823976
67.21694939403912
67.31839118756994
67.37082090000973
67.54963567363534
67.67150490574527
67.68333948111227
67.73250058566637
67.79015539108285
67.82669131791268
67.88345234047952
67.91168095683152
67.91351991504672
68.02938998760808
68.11579450812783
68.26237517668451
68.29080046766362
68.30917343732469
68.31928459148499
68.36175122057628
68.36619015507637
68.45698250962
68.50743051896279
68.56581596346867
68.5726774390764
68.57756099660305
68.59508837244499
68.7741933226729
68.87546466591714
68.95648632399428
687.1241433996503
69.24507569287528
69.28286844609035
69.35369906735353
69.36063136579506
69.51125892020777
69.56766714989533
69.64462677357851
69.67519365816925
69.87188820260748
69.89339125047115
69.927153207413
7.007413906227443
7.028665176857984
7.031277967161266
7.032004050491527
7.033112100773614
7.035410382322499
7.040869604128258
7.045150367980743
7.049705967371234
7.0509537475127715
7.062869914923428
7.07545242538864
7.09136477679742
7.094860305711621
7.099627737806435
7.101586481741038
7.107088310778457
7.133759606915486
7.1379095338601
7.143866490586649
7.15338052274139
7.156372096306579
7.163411959350995
7.165048829410045
7.16574686497956
7.16635554879449
7.17250340951286
7.172966145452524
7.1775477680698865
7.191246643526825
7.197527372137552
7.199307490141653
7.201002239748962
7.203032473585489
7.204294577289833
7.204552485657666
7.209563252583157
7.223338566247584
7.242708204427523
7.24355265123823
7.246511747082618
7.248826984434476
7.251303177591747
7.255218024347808
7.267065555098385
7.267727571809346
7.270479530527248
7.271448744050757
7.278338020479357
7.279350193734943
7.2809708769405965
7.281006067445718
7.286824473915483
7.290391872751601
7.297480877737492
7.305993752870052
7.312391154593296
7.330406994173279
7.347991273798901
7.352884179017433
7.353382852008653
7.353662431169802
7.353907253422368
7.368890022734021
7.3777020034724785
7.381799370220682
7.395258541979821
7.400750574509137
7.410437335526041
7.41268014376781
7.415127058137841
7.4176026734511895
7.420056235902885
7.423930862823347
7.424041413941222
7.425945349680525
7.432195282868329
7.435569195184974
7.448360414114721
7.451008817791816
7.458384566233205
7.467918451625262
7.469386405255132
7.472053344981372
7.478407018116927
7.483584910732131
7.489403643236548
7.491630884229071
7.494786607806993
7.495253318966258
7.504877817000583
7.522671050994243
7.528655259517583
7.530689526390912
7.53073640777535
7.536782286896107
7.561729546091041
7.56384076225753
7.566644833267591
7.567767226941221
7.570303672284638
7.578652692934705
7.5855738181472745
7.586315756555358
7.588315956404011
7.590787894032526
7.592061976083056
7.593385981828468
7.593645094134922
7.594149332508396
7.601538695076148
7.602078286935952
7.6227753453349845
7.6236834020975435
7.62558089733368
7.639842605170853
7.667719163577668
7.674166583739043
7.677083891645958
7.68601483320361
7.689736618714174
7.69421216653214
7.696455157461674
7.708193545069792
7.712375378717172
7.71357710812071
7.7143578934305985
7.724690904611288
7.730436148457369
7.733511383652767
7.7356244877417195
7.765033951608007
7.765719948796376
7.7737907447991
7.781078006548541
7.787239689935428
7.794872694644505
7.8000239909962765
7.800549541053599
7.803143647871046
7.81399510377652
7.8144402961005675
7.819961599266881
7.835511256888681
7.847533653808516
7.849354938509002
7.852187011936308
7.8555942898192095
7.857353914026102
7.861380674871863
7.8639377616010355
7.866282951760534
7.877464253943624
7.878516006591261
7.890325383525678
7.8956843040588645
7.896523442090053
7.900868540363736
7.922872020863785
7.931956277284634
7.938014901887283
7.939778391200084
7.940624908411775
7.942013003845091
7.944571625640647
7.949571770794228
7.953352166363878
7.963849101541937
7.96493798716901
7.968990244612476
7.97346355736875
7.974562185919459
7.9793724210588675
7.979888952084057
7.980514452853824
7.987123383216202
7.988365724453306
7.991656661866315
70.11849679295227
70.20025031807182
70.23110055997734
70.33178720903781
70.59753594362235
70.88158611201945
71.01082169933014
71.2898866601961
71.35309088211777
71.4126703093837
71.4517622537123
71.53399427561587
71.54627718367834
71.55165499617685
71.6775918801933
71.70132633203187
71.90566794288077
71.92647507932304
71.96010673845642
71.96541151708173
72.01534850861363
72.02163320018516
72.0694748349969
72.22328965004365
72.65167330815338
72.66525740170499
72.85471367109696
72.93811555056621
72.97204833764985
72.99948062046381
73.03107640977159
73.05250927190359
73.09330116425008
73.11556571573949
73.13001150037854
73.13630707256624
73.27891709990745
73.39334886031496
73.51724992926827
73.54435969568115
73.56598084566042
73.59001648375765
73.67851526038284
73.77477539619285
73.78066755579725
73.84691579707857
73.96200176919253
73.97651836209677
73.99256762360181
74.01665107252977
74.17619823407408
74.2493779273269
74.30793463354023
74.3893888010611
74.41498615051427
74.46594040191249
74.53261702723347
74.62606825053975
74.82704310837032
75.05484019788793
75.14059324526397
75.4776309323644
75.515569149
75.52701942087324
75.64425495614233
75.66728084978588
75.82671181343962
75.83873615680584
75.98696046610864
76.02240352678666
76.04316510961301
76.06475374063527
76.12801403367183
76.1481885257792
76.27264116551687
76.30438505214487
76.42257951314376
76.50772510210285
76.69566885096164
76.69727218138215
76.77931966364767
76.86192773864649
76.8752473253265
76.95484442610544
77.08849258371569
77.20146814353483
77.38147050085135
77.41936980428059
77.56846950238005
77.9809264460657
78.14907062013334
78.20553779418599
78.26421506862309
78.29359240769529
78.29723625486764
78.34451343595262
99.97747074583805
99.95192349924744
99.83374053610024
99.71338360769087
99.66483420763578
99.63790877613845
99.42799913665483
99.2647938477376
99.18937526779918
99.06061552032213
98.87066876807216
98.83952588175727
98.704581694448
98.6096869821047
98.60956497163085
98.5038894062799
98.26513709875097
97.896700957065
97.89630670510986
97.83675849629198
97.54110822047895
97.36424640915554
97.11174338809418
96.63260795240417
96.545507843743
96.47814190011094
96.4605620930351
96.36500783210238
96.26650026887226
96.25415017567212
96.2538440816586
95.91948320463067
95.4124086466184
95.23700647975298
95.01651871207304
94.87951015513077
94.7832369990343
94.68685436723277
94.45262016351847
94.32750979449257
94.17428271278943
94.09847166617774
93.8092147811104
93.74723959982789
93.73939862294374
93.34317484772284
93.25911692993039
92.97504429925301
92.92853081375954
92.6117861516386
92.16466143135753
90.96021821053688
90.88977235147577
90.8651755804899
90.73634798897399
90.65230707493846
90.54435199460255
90.52476438168866
90.22776120940205
9.994533722956453
9.991333429377574
9.97663552907614
9.970377967053956
9.965150601055116
9.964265180683698
9.962825450345212
9.958453745731912
9.9582859558339
9.955402214416603
9.949145679859674
9.946117468572613
9.933282225166366
9.929880178638209
9.914649580370455
9.903711248507491
9.898814231633331
9.897053596570503
9.895423785291777
9.893831027218708
9.874437951122802
9.869259494126839
9.86322355299719
9.862824893626184
9.85437041820081
9.837227054804718
9.836352038355782
9.834807522769404
9.828595201599663
9.823108342846416
9.820149194199548
9.794848282334614
9.792211328709149
9.780914692413798
9.779932372626797
9.778503668607561
9.778021277623875
9.773961717215338
9.771671440739764
9.768194384883806
9.750702546846938
9.750172538726247
9.737368591700466
9.736680977632211
9.735991002756524
9.725727928747789
9.724339976847231
9.720038946880454
9.70768935539574
9.705892272971129
9.685690988918086
9.680981190752524
9.666528707765002
9.654638236190687
9.64849379356557
9.642262173576317
9.637272356744566
9.636917453942662
9.634775291424152
9.632025265046813
9.631542808509765
9.626489081546707
9.615784671750024
9.605533859223389
9.597450199870059
9.596101602262314
9.594291603598629
9.58477802351266
9.573415056259304
9.558367545784213
9.547182872524736
9.540197048132304
9.540021358202527
9.531954181211784
9.527933853853208
9.527418626314304
9.5226220338502
9.517014488920463
9.509884316337212
9.508807395932395
9.494680191299409
9.487389176868726
9.48530983410473
9.484722102738564
9.484220923782694
9.480689445779026
9.477513361341252
9.473320587579671
9.467242390950084
9.463987405715004
9.446097505638237
9.440317189522654
9.437413712448786
9.433994481614919
9.432948898856798
9.430323526669088
9.428926847685702
9.427561107607971
9.42558246493365
9.420026075139932
9.410802739052206
9.399748062323592
9.37055635756403
9.369866528299806
9.36735150610293
9.367297578299205
9.366302912428786
9.363318276019946
9.329545587999224
9.326856907577229
9.32482667244892
9.31333148701763
9.31011022491391
9.307583066279793
9.306069434969887
9.298953447417055
9.293372312974402
9.287880850433263
9.28510417965437
9.279218846812508
9.27328018822102
9.265779946003233
9.254946942873827
9.252204613003123
9.252007115712999
9.24844923531419
9.247711100963773
9.243636432440242
9.231886237686117
9.225405776896553
9.224432663962466
9.221545131917955
9.213156161326989
9.21001340671054
9.209221562622947
9.208727108105236
9.196583793943029
9.19267873054177
9.186529681081039
9.169264926236517
9.16665329292381
9.164714798725177
9.155102233993544
9.136285945773517
9.116758114932791
9.111777732670824
9.1078996206499
9.106611197366588
9.104058477526907
9.10359890099554
9.099632570068406
9.097972930221209
9.092515551793978
9.085160998139273
9.08336130194754
9.07369957425042
9.067194259822127
9.058329224688642
9.046316322180939
9.030801205001383
9.025676129458722
9.014857414702249
9.011415119942031
9.010826366306992
9.010485975210695
9.008029056985036
89.89874732149843
89.5912648750375
89.58280541030811
89.47614190654018
89.31269808476885
89.08357085142852
89.07641967811466
88.89145304390628
88.57131945761755
88.57122631645889
88.42416044672208
88.3731312626572
88.16288935487839
88.15205396406058
87.93514646740292
87.72679964197506
87.71292266253724
87.51249672461267
87.25517102556854
87.16762877683779
87.02778310873447
86.99123065314812
86.94402158744931
86.94210370249992
86.83177389397142
86.60479756941983
86.57088580568363
86.52081357162683
86.51894547338019
86.50361990170322
86.3197471575805
86.29543680207942
85.86982438084306
85.77847951225002
85.71083864364613
85.56198876256356
85.49070325185025
84.97119140675704
84.86093684357878
84.80679820488115
84.68079538815087
84.30016177097002
84.16578561625474
83.94104544273812
83.8707303271381
83.6895606654765
83.66666147190942
83.5190096304417
83.51118214676646
83.31413717989163
83.28649491492138
83.07761963557057
83.05256969691482
82.7346620243571
82.50285270225685
82.44322581518402
82.37708430642844
82.32277352089577
82.29209380042995
82.12276634944644
81.90573357451753
81.78114327812807
81.70313689325666
81.56689027186637
81.528506919168
81.42611938874762
81.25322070303139
81.24164192996052
81.21585451005402
81.11863835306622
81.0555652800444
80.82347679239594
80.75150919606874
80.73565655425477
80.667664246758
80.40270073971782
80.20899990240758
80.16575094672986
8.993477167419893
8.990256693788393
8.989626068035479
8.988585383753561
8.98666080690859
8.981448223473144
8.97234391977771
8.968431458311052
8.966644954181527
8.960965127202925
8.92934009948168
8.92353739999138
8.922150033439797
8.914544903196106
8.908574924293214
8.901475469382307
8.894339564652785
8.891842517299835
8.885761781171846
8.869755766887135
8.869668829347294
8.867175333064589
8.857897633119839
8.853310308748538
8.848816841583448
8.843040726193244
8.839169080765318
8.838893374781374
8.838598812731858
8.83240063673684
8.831551993829367
8.816129672208861
8.812937441217574
8.810656033146438
8.803818874938917
8.799911757078167
8.793590976564378
8.789026743953382
8.78315464449921
8.778073384824824
8.770904532954933
8.76807308564112
8.765249487181125
8.764457494173184
8.76333815629278
8.761086191268156
8.751736797557067
8.743790206313376
8.728436693829485
8.726083609167844
8.72513376248389
8.723371231220412
8.722212106061196
8.715354855778932
8.71477444011146
8.71119567922327
8.710611056138468
8.71058218885421
8.706897363190565
8.699786311366006
8.697988565060024
8.69675036284315
8.677807275623655
8.676539885664742
8.673688297298655
8.66268829537411
8.66095366349493
8.658364878421523
8.647498118184775
8.628277612589342
8.620558698225839
8.62000528312887
8.617409042937984
8.61736496073362
8.611344444561292
8.610943249137042
8.606214651338092
8.601015396602376
8.599535946871706
8.598012935023132
8.596141371785503
8.587479545066024
8.584377559644235
8.575504453741841
8.572297436524572
8.56917876711309
8.539080535188761
8.52425780729321
8.523745819759132
8.521304147435202
8.520598609982496
8.51111014140123
8.506268844795233
8.500078568229698
8.49943457828237
8.492654408586823
8.48991809016747
8.489062967980784
8.484946348299072
8.473386071339363
8.46644491414081
8.466047485804756
8.462814909563567
8.457188275140508
8.44622932494955
8.439473904445023
8.43854777145432
8.43593608677965
8.423992870838008
8.42374778556906
8.404944974837418
8.403996071999048
8.403572343475199
8.393788008029917
8.389756731920643
8.380239718220594
8.377772728060583
8.374077745289311
8.369699253418966
8.367740906752337
8.355815776381988
8.350394592581486
8.346337969131694
8.345407452538707
8.33942002024486
8.337618606596243
8.323487483608377
8.323011811824697
8.316723046390592
8.302035093098667
8.295121432427495
8.292866276277332
8.289258505439784
8.28533105431657
8.283198104388
8.277631906572335
8.259774688828744
8.25741249953695
8.25150792642021
8.250035717412684
8.249868321789805
8.24510041114904
8.23931496871709
8.231291934909583
8.224154916613296
8.223337196619068
8.222640565228982
8.220196839379845
8.220084456074403
8.210914187693223
8.209071496609889
8.190973547150294
8.188644892990908
8.180106291231457
8.17805981609228
8.177547415874635
8.173558366737838
8.155675184743444
8.155644351526322
8.142959150949064
8.142751254604407
8.136169623135107
8.133765699746093
8.125548613382255
8.123035100819179
8.121041517146264
8.118373181848668
8.10013769580358
8.09840312095444
8.09099224810801
8.088583675658894
8.086464609012044
8.079631352119415
8.047627463594377
8.04434172132532
8.038953784493602
8.033932531734752
8.031496974507231
8.031484551316643
8.023305113190787
8.020591675604201
8.017168197743539
8.00483596298064
79.86899342035608
79.81429258817975
79.40354039156969
79.37434141560699
79.36638025907952
79.33105350350598
79.17333613621193
79.13587822598203
79.09721901642122
79.05336746127347
79.01440075926897
78.83886497837912
78.72334147202766
78.67254051471612
78.34451343595262
