100.0129745478545
100.02360483872584
100.02367133805502
100.03336006172681
100.03605586905991
100.03838550438196
100.04814055398943
100.05188017597165
100.0531152493411
100.05399925184469
100.06100379261811
100.0620170793606
100.06576019061039
100.08093561174859
100.08611165133608
100.09335469487074
100.09724707040377
100.09744950937511
100.09916452039107
100.10201957197712
100.10382536436501
100.10384578465056
100.10457618218099
100.10765384230142
100.11025554260152
100.1208999443608
100.12823688993318
100.13163712785122
100.13194176343957
100.1375783000109
100.14355877615426
100.14442902485848
100.14528709243143
100.1488325227592
100.14935955605158
100.15026868312567
100.1517798971767
100.15189345184808
100.15474768466993
100.15867233903606
100.16448245954047
100.17722549905476
100.18520490206899
100.18781967482892
100.19107626855336
100.19344339993212
100.1956766011634
100.21151317127001
100.21907001695511
100.2207265868736
100.22273198459457
100.23247339593703
100.23864502281704
100.23907522905638
100.2403996927713
100.24214574341462
100.24286314128574
100.24361479491738
100.26446372297158
100.27947909784052
100.29129204875805
100.29203928170342
100.29471643101371
100.29774616890184
100.3066696580346
100.30826422469883
100.31122977265035
100.32056689390473
100.32214986764704
100.32333573611349
100.32434357558222
100.32757344979721
100.33334316285496
100.33349674312528
100.33377015095209
100.34830260928153
100.36210101797354
100.36408920346622
100.36633505109918
100.37269225709296
100.37840346306535
100.37901943241472
100.3791871984104
100.37990767831353
100.3819407815573
100.38464441460037
100.39965535734824
100.40034927723038
100.40242982562256
100.41492604796339
100.42044920304419
100.4320558874527
100.43450652389049
100.44878544790643
100.45212854024186
100.45357189768097
100.46091804294076
100.4648202974705
100.4679226980838
100.47020591143269
100.481226781174
100.48232136003426
100.48792782981927
100.48988983076018
100.48989937388818
100.49083678047042
100.49865797983139
100.50513864644294
100.51179595217668
100.51314580980844
100.52357510307556
100.5261521832091
100.53081547781396
100.53135975090188
100.53746705328176
100.53808671306483
100.53872010677627
100.54416188954153
100.55931886179565
100.55958675183861
100.5692908953033
100.56937381791279
100.57463431763911
100.57582012186165
100.58051600269333
100.58192185757291
100.58361360843901
100.5904973687012
100.59169827565914
100.5950789704955
100.59524294222801
100.59701490237272
100.60477050951113
100.60586840096845
100.62265750800307
100.62402684647651
100.62463174658926
100.62536963607975
100.62622217186278
100.63624175894317
100.64033014061974
100.64222997593149
100.64335815266239
100.6440698073469
100.64771133423022
100.64962501730716
100.66321586519754
100.68239159978701
100.68770146056912
100.69011189591932
100.69586206985366
100.70648466111156
100.7078618217613
100.70825394965404
100.7094091875376
100.70983946651879
100.710571085791
100.71081045271484
100.71220761143198
100.7134857774625
100.71359720532264
100.72908294111926
100.72932120315978
100.73360181723766
100.73634403691307
100.73816729985977
100.7390932892525
100.74440009775303
100.74490852776115
100.75333589686254
100.759027375441
100.76022059581284
100.76245396039936
100.76480300736296
100.76795477124759
100.7700125568587
100.78105884316615
100.79233051808406
100.79536284102896
100.79921360379248
100.8036071801525
100.81793169530303
100.81822432862471
100.82429442659779
100.83285745602923
100.83809520952025
100.84405915759706
100.85546180474404
100.85708744236297
100.85996329378565
100.86072187602713
100.86095617019235
100.86276298042509
100.86566071976667
100.86804793313054
100.86821161614827
100.86840718268311
100.8773252839775
100.87983556810974
100.88816463773564
100.89408736003364
100.89522353920191
100.90076323993009
100.90435656556214
100.90766459560373
100.9124673020636
100.92051111444319
100.92983133055122
100.93688235698191
100.93856849667768
100.94336414296961
100.9497722835211
100.95032761973393
100.95497268008687
100.95498289442575
100.96723488276956
100.96789754886382
100.97074836297251
100.97520514155737
100.97743393156438
100.97770912000423
100.97918428204547
100.98698078647105
100.98723460222931
100.99064505697758
101.0003008378634
101.00661235638985
101.01011441604828
101.02087515713706
101.022049008482
101.03853046334582
101.03924229074669
101.06626963185133
101.06800896564512
101.07059361895595
101.07202224824532
101.0753947735589
101.08279776389153
101.08387065002935
101.08797852769742
101.0882611850345
101.09158177576764
101.093642524116
101.09870225896238
101.10039813733721
101.10976550598856
101.10978839070548
101.11891302648452
101.12380843004544
101.13190707435521
101.15184668343664
101.16110317597563
101.16278495389429
101.1767713426449
101.18315723869756
101.19963740384156
101.20341316800537
101.20869183516318
101.2092713849349
101.21494292321329
101.21514565141104
101.21766343343124
101.21799704973577
101.22060570914354
101.2242149288786
101.2316047961693
101.24655908762699
101.24935792511276
101.26051193611819
101.26795602634931
101.26892531202186
101.27041794325606
101.2757989027959
101.29780592317393
101.30844112171405
101.30918527377234
101.30936359319391
101.31628813222262
101.32555439408036
101.33661448260223
101.33783594743088
101.35073369067713
101.36398484912036
101.37504411799017
101.38099451563303
101.38583901502673
101.38988949552002
101.39233741377129
101.39421995392769
101.39552145163603
101.39881794866697
101.40552247834876
101.4119314968321
101.4134110748558
101.41859705524959
101.41880267660929
101.42167312250042
101.42650848958996
101.42733900122863
101.42785553156095
101.4310977376951
101.43929575765037
101.4411850706159
101.4462031787921
101.44640086295885
101.44862160917792
101.44999042194536
101.45535004383296
101.4663068660451
101.49173992096374
101.49366362906585
101.49785618171619
101.5021576819342
101.50610589749022
101.51553965920465
101.52002175312965
101.52062436734231
101.52301910441503
101.5287094008979
101.53021749197957
101.53374744003249
101.53980021932163
101.54133436483174
101.54378231803979
101.55021613549962
101.5582741100415
101.56631906007445
101.57060900167401
101.57160430902142
101.5727774591261
101.5772390523955
101.57894870299117
101.57975542409216
101.58090999414712
101.59233105461009
101.5961920197779
101.60377677620139
101.6110516898844
101.61610683037388
101.61838744034867
101.61849700152415
101.62344752622326
101.62894750601104
101.64389787760716
101.66891919877037
101.67224204809301
101.67427650857171
101.68291563156036
101.68432107483444
101.68433426154203
101.68897363366884
101.69124109426458
101.69863834655214
101.69887270973402
101.70384330789915
101.70397131379197
101.7165863824035
101.7191737522764
101.71949776468283
101.7257648320428
101.7343817363292
101.73659003914591
101.7499609281706
101.75172962314026
101.75354261496169
101.76198147942047
101.77457430704612
101.78071226899654
101.78281736513249
101.78320256281292
101.78336243693657
101.79775852374033
101.80019316837962
101.80112768021213
101.82479683242086
101.83058709385755
101.83110234355625
101.83372136411421
101.85449575896273
101.85451646919662
101.85671766940378
101.85868518230642
101.86656437391473
101.86732137818512
101.86782653172207
101.86886197590046
101.86999845165634
101.87506567750533
101.88032042139861
101.88065572470003
101.88348021665406
101.89992314098338
101.90579154853909
101.9067918087915
101.92610253553813
101.92709430879447
101.92848317746227
101.94025234120362
101.94291023212058
101.9447231322572
101.94684252009527
101.94706355909892
101.95798365381604
101.96649153811225
101.97991279536177
101.98016298584557
101.98234783040849
101.98501892209836
101.99965454426832
102.0082147525163
102.01295859321905
102.01497712943421
102.01629029043842
102.01740270900457
102.02698447973475
102.03144494175555
102.03379770354111
102.03585183985436
102.04433269336259
102.05335171471567
102.05443761956472
102.06134962416692
102.0614208141287
102.0664844394539
102.06776372601469
102.07183038421073
102.08687727158849
102.09625007813472
102.10459372479545
102.11437275238512
102.11697555925747
102.12398233378508
102.12671056260156
102.12752037326177
102.12836143022663
102.13104527700807
102.13157133932141
102.16531542334367
102.17696539811966
102.17989940174644
102.19603679449115
102.19799099589491
102.20032842026816
102.21458322733886
102.22472239959552
102.22698166357186
102.23365160410327
102.23439876869416
102.23858398083044
102.24613717373262
102.2626664622617
102.27899807311255
102.2978872117392
102.29889373649958
102.30376107142104
102.30726886698996
102.31335096749137
102.31944701793469
102.32949591883249
102.32994044464543
102.33535311382893
102.33781773854527
102.33828997187992
102.34453320404786
102.34871600051062
102.35290830757563
102.35306337432122
102.35419968636279
102.3548031795089
102.38736776355732
102.38851823789088
102.38926906363817
102.39104824194546
102.39122366590237
102.39480652250062
102.39820981961482
102.39947705861638
102.4074643804638
102.41322909825556
102.41429238111505
102.42027130356321
102.42275575494813
102.43200474172185
102.43247103733081
102.45405238151547
102.45680048223224
102.4733660598652
102.4819416700165
102.48654096779569
102.49312215952106
102.49525880306902
102.4991348530436
102.500832713161
102.50387936777895
102.51304573842485
102.52380682010892
102.52993838954859
102.54209188004239
102.54576250858103
102.56518640041448
102.56644726546115
102.57543735844159
102.57680833416279
102.5830810565996
102.58485063487629
102.58608432142474
102.59028798579538
102.6011089477969
102.60266458774265
102.6059543364618
102.60618203675872
102.60681496105433
102.6160197899265
102.62054270956526
102.62209647370165
102.62617664488825
102.62656293205694
102.64317376570199
102.6437148524244
102.64500045167534
102.64586219487423
102.65389223094327
102.66542138550992
102.66560007981596
102.67343838068801
102.68725420709634
102.69714764972865
102.7027473700078
102.70770026569365
102.70815332214153
102.71269436243372
102.71947687993874
102.7244043959648
102.72714696059516
102.72860351604938
102.74051493607422
102.74086501232843
102.75033453006102
102.7517090853644
102.75327977974656
102.75697459384817
102.76620076028811
102.77635061299064
102.78385473893668
102.7968739526067
102.80168791825982
102.80288959614062
102.80303215677216
102.81131742706128
102.81311246579622
102.81451830296933
102.81945634847584
102.82103203878388
102.8238760675522
102.83181978431661
102.8443848886203
102.84897376747654
102.85076133967634
102.85585736752287
102.85705214247159
102.85781950721878
102.86002534404817
102.8669369309236
102.8676851255619
102.86791152617074
102.86869562523623
102.86905423781785
102.87740316495615
102.8789220624437
102.88786880153046
102.90040407914636
102.90909008119588
102.90936656424253
102.91139942178913
102.92686445448153
102.92814554316323
102.92949398957404
102.93642829121043
102.93808590967711
102.95294445038166
102.96411747930439
102.9658029537111
102.97089056290078
102.97830367286842
102.98582353415298
102.98583411506566
102.98734578848392
102.98861072267349
102.99079263484279
102.99240996034173
102.99490246323454
102.99906225078179
103.0055171484887
103.02515659933685
103.02663556680452
103.0353011647406
103.03875314931666
103.03881766107288
103.04645646366798
103.05094007207956
103.0550188237719
103.05563630686517
103.06218741627694
103.08791541596398
103.08954827940218
103.09050251166312
103.10488885900953
103.10818393082103
103.11279811782204
103.11292798833145
103.11686483024222
103.1189307042168
103.12572732565921
103.13798611512053
103.14363741676654
103.15144276051639
103.15669055202056
103.15846790535186
103.16095702177074
103.16457810422388
103.17024985465596
103.17143730807983
103.17422633138455
103.1772167599024
103.17752596711776
103.18155631647907
103.19269692333228
103.19496201459977
103.20530427574668
103.20732291246853
103.22146705536632
103.22185773804912
103.22690616021492
103.23391107586953
103.24222267543404
103.24725436485342
103.25248264377066
103.26390734024595
103.26662555185972
103.2703606443149
103.2767661593787
103.27845485257305
103.28157975316334
103.28183658497218
103.28207712399717
103.28594686996506
103.29007330471119
103.29128815410137
103.29852952832888
103.3010893357695
103.3018317913018
103.30259397043737
103.31711949438389
103.31967805944676
103.32190594749684
103.32513055946431
103.33747736191023
103.33916545842335
103.34154563092082
103.3492039512237
103.35802315375567
103.35911821584791
103.36205072022831
103.36506854188772
103.36510078571321
103.36854240038377
103.37690877236459
103.37820940010491
103.38864277855407
103.38892065067908
103.39884340611356
103.39907752242328
103.40615558790249
103.4114306186389
103.42529272395336
103.43233581742504
103.43484480605917
103.43890937171045
103.45249387468132
103.45270490636844
103.45487298043949
103.45498180758511
103.45533059806371
103.45656339024471
103.46321572940555
103.46491655070844
103.4664676748403
103.47740919448714
103.48348886460423
103.48943734391332
103.49191096617388
103.49706149389677
103.50832265715191
103.5126907890267
103.51398058409278
103.51731287569967
103.51957793949956
103.52160780320288
103.52399500487752
103.53210953342719
103.55413412336375
103.55660406692466
103.57342508593597
103.57446680410321
103.577164275298
103.57955119233726
103.5829396010765
103.58634402233906
103.58796999662307
103.5895264416552
103.59612950631299
103.59620448252097
103.60265518732719
103.60922055097572
103.62018750788194
103.62770175580853
103.63198072573307
103.64503855891161
103.65188182408392
103.65412382022893
103.66073688250295
103.66694874055682
103.68139527806878
103.68676849417633
103.68716982518889
103.69439353621885
103.69590024906525
103.69785437800083
103.69834130253786
103.7053376890336
103.7088529819303
103.71827664953902
103.72084669676269
103.7215595976425
103.7470306048287
103.74703551075153
103.75386818999903
103.75588430996515
103.75768587164687
103.76249954373827
103.76886627509154
103.77902482242288
103.78288195639641
103.78355696185092
103.78900469492709
103.79882440524325
103.80114909428673
103.80847944346125
103.81010458625441
103.81421104474616
103.81695145629564
103.81922108388257
103.82663396304045
103.8281161599939
103.8302186251376
103.83130540857783
103.83247269288881
103.83657359296392
103.83800258629918
103.85612860680807
103.85635354909509
103.86868796187805
103.87177587756356
103.87480542809038
103.8761892088443
103.88339664815452
103.8836699173702
103.88994750067721
103.89661281625312
103.89736394341459
103.89777561134295
103.89811619975274
103.89818409229744
103.90064797941722
103.9074737366773
103.91516873783128
103.92294694011275
103.93520576725119
103.94088945201932
103.94245772412823
103.94973290684293
103.95374292512784
103.95929786416016
103.96350696514233
103.97483572320397
103.97811943029389
103.9815915363953
103.98957446394492
103.99577388529731
104.00614458991035
104.00711941873595
104.02910725290292
104.02970083563982
104.03804943878085
104.0462815551686
104.04810410628747
104.050368544982
104.06696246949257
104.06742902730736
104.06790911504172
104.07176382810317
104.07635330005586
104.08342222263377
104.09191075263433
104.09234998610142
104.0963149699194
104.10278166443936
104.11553121714141
104.1198119326148
104.12025683173633
104.12042028185401
104.12336952455145
104.13044516144481
104.13932115061237
104.14677280094698
104.1496064613434
104.1497965762784
104.15113012272828
104.1529923572503
104.16628226906535
104.16724362614393
104.16767916798973
104.1686165696298
104.1812673438929
104.18480075864029
104.1856392300087
104.1914641044941
104.19951798641044
104.2127592401926
104.2251755493657
104.23571797238223
104.24393560484714
104.24686047757102
104.24689250859063
104.24708042251997
104.25134573702582
104.25355326717884
104.26677214071928
104.27143978911225
104.27317634539833
104.27384271700065
104.27446068467113
104.28769041541797
104.29346012379777
104.29437943692892
104.30044978421604
104.30110577445548
104.30783816166415
104.31465479490123
104.31765034771206
104.31845324012701
104.32164783656873
104.32276751992394
104.32684167704983
104.32686075119439
104.33188019418384
104.33660584395867
104.34450097727455
104.35327459721852
104.35499384593098
104.35698540460874
104.36446181071744
104.3646518800087
104.37833442744693
104.37864071958131
104.37975528319143
104.3861392957784
104.39516019448139
104.40023599119192
104.40701014483956
104.41168818918038
104.42371507074789
104.42909863935996
104.43224991825863
104.43455981102412
104.43610730537662
104.4419314859554
104.44760366065815
104.44762086105627
104.4547428045937
104.46815291621397
104.47108271136719
104.47438118791969
104.48048284893774
104.48642655340475
104.48904264569829
104.49287589337287
104.49415501305302
104.49641434047567
104.49680059295463
104.50251849655935
104.50932915302707
104.51193095650261
104.51200869856865
104.5126212627313
104.51320115196683
104.51339071860859
104.51478568678246
104.51659437906822
104.51958948610539
104.53254942145448
104.53682656494351
104.53917225376816
104.5468494766269
104.55302501248724
104.55418980324616
104.56322122872575
104.57165502526874
104.58111441978922
104.59675767199747
104.60126764172787
104.60365961400468
104.60805086936895
104.6210847530235
104.63676316610918
104.64114317877109
104.65408840175951
104.65545190835599
104.65568686661489
104.65631364530401
104.65787369080131
104.6592532190736
104.66107444726464
104.66212243475255
104.66224673272751
104.66347037098349
104.66724637534898
104.67094110327118
104.67221767953527
104.68432791318713
104.68444511805126
104.68585216841645
104.69620170231401
104.69885080614213
104.70076584262755
104.70489434163899
104.72694714444212
104.72891427996953
104.73585646339816
104.73797879992907
104.74066056883584
104.74396335955542
104.74583721391453
104.75083513836184
104.75996160598648
104.76017344520379
104.77008978707167
104.77832606230463
104.78828883716868
104.78843699407206
104.79975149930813
104.80647065594462
104.81339116070417
104.81688242314222
104.82148561373774
104.8260985529024
104.84313109324873
104.84531767591893
104.84764208666883
104.84826416181245
104.85703751797121
104.8643728998195
104.86629604569367
104.87466792707441
104.87609137940541
104.87711237776999
104.89008850763628
104.91172161401587
104.91297135198751
104.91673422305887
104.91709075587764
104.91901294174707
104.93092308624281
104.93169499927475
104.93770118974231
104.94390329452821
104.95536454728182
104.96723022198307
104.99512092851604
104.99822091906488
105.00413598765505
105.01152450697303
105.01874809900512
105.02040839040885
105.02254188160266
105.02350876794829
105.02972962507866
105.0315072126041
105.03164671316345
105.03665293082014
105.04152919796387
105.04429036354898
105.04887866956517
105.05505099149995
105.07174068783542
105.07187751222924
105.09422768212343
105.09528866713516
105.0959208207873
105.10049170681408
105.10847682070862
105.1219953830885
105.13118570508549
105.13308946795748
105.14383856931069
105.15330503829095
105.15771688258165
105.16257188689434
105.19308822475615
105.2007032456413
105.20420981110757
105.2065302264843
105.21500481461918
105.2249647162808
105.22764587330394
105.23017103375557
105.24351751173825
105.25791892341722
105.25930170234014
105.26542564226742
105.27181992531052
105.2849595144381
105.28540001410381
105.29826420420235
105.29917813382487
105.30529801403642
105.30769943587043
105.30896598751886
105.31570386710756
105.3167785212045
105.31910463776252
105.3245196257398
105.3345631895639
105.3361584000613
105.34240551245955
105.34392027737823
105.35058692444964
105.3529623844086
105.36156505960949
105.36438386714082
105.37238305196992
105.37572514281652
105.39807828635296
105.39995195327467
105.40675877548803
105.41488890819747
105.41533214297935
105.41653172761663
105.4237892655683
105.42889890490252
105.43134977386325
105.43731270627936
105.44744895810406
105.46683178547843
105.4687523035045
105.4697646260062
105.4699982691494
105.4720963628695
105.47873261356065
105.47986866721537
105.48302551278718
105.4941310363133
105.50693304176994
105.51114540695235
105.51354009234606
105.51710090012246
105.51887139499115
105.526448734458
105.53510468109515
105.54069577427293
105.54529588609711
105.54643205783862
105.55615100442472
105.55626521262229
105.56083377463817
105.5627100892197
105.56966149217834
105.57426293357136
105.57737207633602
105.57936881219348
105.58060346359092
105.5851874057552
105.58775997859316
105.58973256185617
105.59935701652206
105.6018930363843
105.60197428742585
105.60755299356902
105.60981422571507
105.61126931066653
105.62209524109319
105.64060526354073
105.64217749086644
105.64632526967866
105.65623395971153
105.65625239279082
105.67468002422882
105.67753816314915
105.67818092494291
105.6848273590166
105.69002630071297
105.69115049234658
105.69676218732965
105.69954872336264
105.70612691005262
105.71213954157096
105.7132374646965
105.71531943825022
105.72044486650219
105.72225011155709
105.72280722504878
105.72958852481274
105.74154097207747
105.74317893838696
105.74416305205702
105.74504822795109
105.74683730403287
105.74830761657243
105.75056452441156
105.77075401834796
105.77728072634615
105.77812808436971
105.79201712344702
105.7953434817323
105.7972370158639
105.79894385904406
105.80074671395494
105.8302407291184
105.83562854850318
105.83651188970252
105.84704227529774
105.85174369934519
105.86076748683845
105.8674357781982
105.8737846183021
105.87742510702176
105.87923773330614
105.88304810004645
105.88642873543874
105.8970964618321
105.89981196694922
105.90273410907781
105.90412989420457
105.90641555901797
105.90684968770307
105.91187737843478
105.9184376866148
105.92127600118855
105.92720665490293
105.93312992004834
105.9347066677444
105.94518497056849
105.95114204038154
105.95241554422589
105.95286603314048
105.96010206596064
105.96024004708556
105.96160107898868
105.96349349482377
105.96555937404577
105.9668537754198
105.96795778863488
105.97242351618907
105.98359075022175
105.99725548570926
105.99780779891053
106.00659446925505
106.01046345559223
106.01741526088541
106.01855039726217
106.03139866964634
106.0428753420942
106.04669225646796
106.05520146444593
106.05604358578627
106.06618317616388
106.06943046103527
106.08665093712357
106.09383773644187
106.0978916160216
106.10689060176499
106.10812720853036
106.12251487456332
106.12661392856953
106.13886104793772
106.15023405045633
106.15488772010343
106.17141502737398
106.17146421694059
106.17789391969951
106.19660194025803
106.1977230360335
106.1994155307153
106.20204804346434
106.20467382677197
106.21269177969651
106.2358998243534
106.23620766416053
106.23862430494196
106.23934167379147
106.2482056076013
106.25368808672216
106.25809457567581
106.25890741829411
106.26520722717538
106.2683334281689
106.27067878013591
106.27258496500028
106.28376486962463
106.2855849916915
106.28608435154203
106.28613865288176
106.28873910355935
106.29055134364299
106.29146797445063
106.29886873847208
106.30197011862893
106.31384268100352
106.32190477023083
106.3309465054853
106.33274973005028
106.33901343333305
106.34034584376572
106.34129308803794
106.34652848595432
106.34864624146775
106.34918620604228
106.3496243136465
106.36094281253871
106.36698682159331
106.37942397328446
106.3837929917851
106.39417406686671
106.39774890617676
106.3987400075605
106.40249215994982
106.4081867684437
106.41723572047887
106.43343768877602
106.43648060161925
106.4421688846736
106.46081628723354
106.46163509434534
106.4617314511534
106.46955190972236
106.47745684658489
106.48097214220716
106.48374540046137
106.48830367247503
106.49221581069298
106.49886696991527
106.50072039578362
106.5047335396296
106.51406803048283
106.51552104902147
106.52182878439018
106.52510537833521
106.53660389287325
106.54546440384144
106.55565074856897
106.58241933298913
106.59304400422086
106.59552011250075
106.60639615533952
106.6097289518867
106.62220250497916
106.63369725473873
106.6414890273917
106.6443946032756
106.64864164168213
106.65044065880863
106.66123890757659
106.6686370047971
106.67115541278886
106.67314774102213
106.67390082652662
106.67593991988677
106.69077008545366
106.69145018780218
106.69453465327301
106.7013950496911
106.70567505044305
106.71296879040193
106.71384450558949
106.71422995239199
106.71913073327539
106.72381896769205
106.72518232511025
106.72717899360936
106.73059170404383
106.7315471661967
106.74668002357852
106.75940635978121
106.76428083065277
106.77386973719916
106.79744962670546
106.79810310923372
106.80042119748437
106.80053421226648
106.80249859946836
106.80298753862057
106.803434199203
106.81167481083871
106.81651121742435
106.81880167828791
106.82603169379745
106.83987046317016
106.85362250321042
106.8560320544265
106.86514796765917
106.86853483664264
106.8725507915058
106.87425430176833
106.89414972275112
106.8949893076377
106.8951722396023
106.90377398006204
106.91538774057459
106.93073379087474
106.93312942519162
106.94190022742241
106.94340510998725
106.94810632874362
106.94954989378564
106.95659467259581
106.96649099289976
106.96865234363753
106.97772110842207
106.97873843133178
106.99232712965747
106.99795247334761
107.00041487481242
107.00310330147585
107.00521751212244
107.02786718841662
107.0430997760397
107.04467796525336
107.04675782442064
107.05695588879954
107.06770049853657
107.06909915219272
107.07595667592203
107.09123538929961
107.09359547726666
107.09867856465058
107.11180702543301
107.11660813738884
107.1203584578226
107.12423716241344
107.1358442183852
107.1441393383233
107.17022106410748
107.17490676021004
107.17668551589594
107.18311509190868
107.18527258749857
107.18859856197768
107.19079954678463
107.20091152068474
107.20853492108547
107.22407986299194
107.22507898510096
107.23085132644144
107.23544383752161
107.25098811919034
107.26109811759989
107.26934165425706
107.2719053997035
107.27495313188726
107.2867065520264
107.29250891033105
107.29267029885585
107.29944148715155
107.30390122503705
107.30489147748855
107.31140378392975
107.31370651595454
107.31922635041033
107.31992264851962
107.32472166371555
107.34172562153229
107.34536258316942
107.34825311199674
107.34882956198042
107.35695401992906
107.36019481439979
107.37291292152982
107.37499411130868
107.38784507678415
107.39032413327342
107.39478262758075
107.40062978311177
107.40988249821511
107.41393571301984
107.41447662917042
107.42442982858597
107.42932113349984
107.43018384920651
107.43072990794762
107.43086036948266
107.4444153240533
107.4452804100697
107.44852812186595
107.44877744494379
107.46222939856675
107.46735327141268
107.47071853751157
107.4715972081403
107.4751221459853
107.48796253860789
107.48882368054397
107.52775919244506
107.54130120838866
107.5541703033879
107.55679861019318
107.57049308819951
107.5709717973507
107.57709463366425
107.5818916734311
107.5863361541356
107.58854898579123
107.5977594953104
107.60781029561909
107.61555108354997
107.62205141892142
107.62801644337371
107.63542368304554
107.64512173215851
107.65297463831848
107.6540209021657
107.65513195417769
107.65637459101903
107.65951959786076
107.67027189221639
107.67104373388081
107.69373936692634
107.69379709539861
107.69861745438999
107.7022945974695
107.70652319099823
107.71995048874996
107.73209931629268
107.74247279472422
107.74351877221531
107.75681516051611
107.76151254731404
107.76180615153777
107.76341311972011
107.7702063090731
107.78831290732163
107.79695402211428
107.79817199231489
107.80356802715428
107.805207212939
107.81757272851743
107.8267997697945
107.8304765743379
107.83178687367425
107.84863103955297
107.8487310218375
107.84964206132591
107.87585478570084
107.88011985941999
107.88068400769477
107.88851400696254
107.89353713539003
107.89535861791586
107.8989679865856
107.91053105146592
107.91218800876405
107.91529496917236
107.93547431396925
107.9384578754586
107.94238520254503
107.95244135643375
107.95325472073783
107.95906763071959
107.96947487554786
107.97041555257698
107.97400120216872
107.98606074889149
107.9871192141767
107.99714643349927
107.99997666287405
108.00206505741923
108.0131612216288
108.01351300293476
108.02126965205429
108.02141769025374
108.02273930699609
108.03025570319977
108.0311843694495
108.04815319164825
108.05737235644635
108.06204367603469
108.06783739126764
108.07263880269267
108.08337778279852
108.09049761051826
108.11624222949385
108.1179867574181
108.12009484187365
108.1207342317597
108.12611640188341
108.14186489125399
108.14991281332732
108.15576111079567
108.15688399187948
108.19358866373639
108.20623469376784
108.20634186339842
108.21280828458265
108.24078449220448
108.24272808150026
108.24618456566792
108.25803428973896
108.26454972877747
108.27203322912632
108.28744856835081
108.28868549993946
108.29412112216048
108.30082846194239
108.31685225317169
108.31822948303254
108.33522102919197
108.34473291323215
108.35012228278771
108.35717643086377
108.35802152447457
108.35850351587817
108.37290016662158
108.38871827653252
108.39176859164657
108.40008648300315
108.4044088996784
108.41102609861412
108.42570089857665
108.43079712131717
108.43228214733199
108.44173129694084
108.44343174822181
108.44982889750789
108.45099476676367
108.45159537126901
108.45247847416962
108.45837494723624
108.46897307077498
108.47344449547438
108.47875104348407
108.47928808472712
108.48005223025153
108.48833917112462
108.49470008315242
108.50614257116442
108.51423455924464
108.51583152266696
108.51586610149491
108.52005395880116
108.52210961287004
108.52220457440629
108.53465863444715
108.54510919316863
108.55181788381756
108.56340396251544
108.56701360071676
108.56911359528303
108.58094018189111
108.588618566391
108.5949782644041
108.60026166610004
108.60728704306551
108.60983246799259
108.63421708017124
108.6466149584224
108.6628424738258
108.66641060888826
108.67540859959817
108.67802379228728
108.68640327290709
108.69410994025674
108.69695306214784
108.70000376346466
108.72160596279159
108.72206395886477
108.72724816522754
108.7568100285766
108.75910505140962
108.761105379393
108.78437995653088
108.7844154934804
108.80232653708694
108.81593595797857
108.82490631125815
108.82871803796387
108.83915045894418
108.84617645455977
108.85082809143397
108.86261103072198
108.86415110163702
108.86837414470095
108.88489580222266
108.89774521720483
108.899264763779
108.90099658330914
108.90282186626273
108.91101703328309
108.922222181278
108.92446298588193
108.9361362530609
108.94516064622226
108.94876086330473
108.95977986820226
108.96366708239144
108.9667279733243
108.99089127311144
108.9933452550604
108.99761459289392
109.004994826081
109.01901169947732
109.02888787146031
109.04215798182202
109.04914105552515
109.06082117563464
109.06872365021542
109.07116814461543
109.07306579179684
109.07632498668967
109.08473817861801
109.09817618131223
109.10041661408489
109.1093163346803
109.11259789415661
109.12758392476907
109.14633260218686
109.1466303648365
109.15051384510667
109.1592869162542
109.17854398076165
109.18072351514857
109.18145099555208
109.19189948239692
109.1947630056944
109.1960537808259
109.20989401264708
109.217367730963
109.21871656134343
109.23795703738207
109.24120672892566
109.24743609394804
109.25891547846454
109.2724783110901
109.27499546725457
109.27913028923284
109.28886978598796
109.30408734734432
109.30964533416824
109.31140099496719
109.33759511802204
109.33890306731811
109.33911270009114
109.34066647633472
109.3442200342908
109.34727382639552
109.36473873360121
109.3725998849451
109.37711592069839
109.38469340655553
109.39511873479714
109.39761358323959
109.40328026790407
109.41350340505238
109.42811223525608
109.43065498526065
109.43719024059959
109.43775503834758
109.44087535026912
109.45373725487639
109.45765842775859
109.46982320455214
109.48334232532098
109.4996688891194
109.51204122578268
109.51775382079846
109.52066842398492
109.52572535975357
109.52650608348863
109.53334293088147
109.54899868517286
109.55805496481742
109.57387984608509
109.59854009149433
109.59923304430251
109.60137007187271
109.60575750278416
109.6083828956583
109.6267082420874
109.62942596941417
109.63100342869801
109.63327227326144
109.63512980286502
109.64424260567482
109.64719245171872
109.65300901641416
109.65420174879546
109.65547102835797
109.66323830379032
109.68888130101102
109.71379000989083
109.73897205038446
109.73952262768776
109.74994693213469
109.75702494145968
109.75711100232697
109.75858409105074
109.76269594864098
109.76781178547864
109.76887443815895
109.78056904777257
109.78607461079227
109.83772777515068
109.84319573440497
109.8438670478455
109.84639692285059
109.84929737953865
109.86199412730491
109.88388247139339
109.88568026486743
109.89501908015012
109.89801380359077
109.8996346600177
109.89986215489816
109.91055486817656
109.91253293640061
109.91716790654924
109.91749214121042
109.92043806698803
109.92927994424525
109.93823047845848
109.9525516109577
109.95845891076776
109.96648861894636
109.97136098925795
109.97537363879016
109.99161573187057
109.99318832844662
109.9951107078222
109.99955875415488
110.01916892999552
110.02046427136234
110.0236126505088
110.06327263666735
110.07529548308581
110.08365803020256
110.0864729827729
110.1174706301983
110.122964875781
110.12384530430676
110.12875165771415
110.13354482688283
110.14192604297504
110.14203747156276
110.15147514450666
110.15879170441919
110.18764798703012
110.19341717877543
110.20007950225958
110.21000753959359
110.23718950129519
110.25024322835561
110.25163749108884
110.2569442728963
110.2584148272435
110.27606173001004
110.27889506265952
110.29554815860858
110.3125254863797
110.31873327483623
110.343044022806
110.34340137983763
110.34590529179142
110.34806228369817
110.35424553099654
110.35788001897333
110.36329114159858
110.36866297804687
110.37930902377869
110.38152332968488
110.38300389327787
110.39138385745554
110.39857841107795
110.40004254905804
110.40599053238631
110.4111772330539
110.41978901450754
110.42152255223661
110.42715517030368
110.42969512986504
110.43578899905191
110.46033979003026
110.46455836144135
110.46953351777564
110.47273607792224
110.50926705367756
110.51821711872203
110.51867162793086
110.53281878821697
110.53812542523542
110.54419755095734
110.55560809090133
110.56084829219087
110.56821217497031
110.57434602743302
110.58249782407343
110.58757812197973
110.58983058555505
110.61636324317081
110.63034858791015
110.63131842946623
110.63205877149957
110.66485927083244
110.6703144771106
110.67456466014947
110.674824170217
110.67934420222753
110.69894459130936
110.69974609469554
110.70091240375643
110.70349690863344
110.71879436146736
110.74092342142103
110.75941261788519
110.7653228494073
110.77363651187974
110.78142432788219
110.79257570377034
110.79654628055272
110.8227852839797
110.82297211280617
110.83187379826057
110.83585800409425
110.84252410694477
110.86291363287472
110.87391564472227
110.89617998543454
110.90010741017517
110.90481324821616
110.91732646776003
110.91805437829805
110.93955455979153
110.9500084065051
110.96317398118524
110.97786196752891
110.98515900906663
111.00401873086773
111.01474636511826
111.03355694468125
111.03511320835563
111.04495799135346
111.04683690991327
111.05445505877854
111.06658820918382
111.07111287466512
111.08129833294112
111.08473022415163
111.09084199471816
111.13784946359036
111.14083398472084
111.14158421443025
111.14317308463252
111.1772676464107
111.21232403780564
111.21531638414909
111.21642825531964
111.21692528100894
111.22946141421471
111.23057239360702
111.26336504673998
111.26644305117263
111.27919849749419
111.28351607613536
111.28536842075347
111.2862947511607
111.32377178365452
111.32820669379281
111.37913152282772
111.39403679351315
111.4124725051807
111.41584402304652
111.41624199814918
111.41693970977965
111.43105934891965
111.43120615436501
111.45998459303293
111.46310319600721
111.48210624082445
111.48823628726502
111.50372327289256
111.51609427304254
111.51624570063663
111.52253410635818
111.52478169259106
111.53872826974325
111.53935905049423
111.54300100764333
111.54507976812438
111.56291114036955
111.57178839433438
111.58267394842602
111.59395541258407
111.59691596070394
111.59798506817185
111.6196767851203
111.63439785264667
111.65347801324872
111.65556542247988
111.6675720831849
111.67872667230925
111.69588925901928
111.70038191912889
111.70620305305115
111.7249494628982
111.73476434341734
111.74100265412073
111.74153057919197
111.75715384792304
111.75846434863789
111.77068975937742
111.78533487587801
111.79316341943446
111.8163805830509
111.82903304882642
111.86048895874097
111.87842519496593
111.8909900597244
111.93620270452287
111.94312051713848
111.97245285050394
111.99763049570821
112.0000330883179
112.01572806600065
112.02698383036457
112.03224376732615
112.03915822314582
112.04029256013112
112.05066136257388
112.06565628059496
112.07933449723318
112.08486213224461
112.09355344851939
112.10892599420524
112.11194474907437
112.13584746389769
112.13927964289155
112.15763504731052
112.18066482960788
112.18122892951591
112.18886589378369
112.19204380847827
112.19838864004807
112.20107275571854
112.20456831543657
112.20829828964904
112.21592696962226
112.22891962312247
112.25570902447708
112.26207233943802
112.26340070541886
112.26368793261408
112.27518823520947
112.27582963531364
112.28118761975269
112.29157254281854
112.2951315638848
112.31837955718053
112.33229618309437
112.33912631995099
112.341421217219
112.35751314337713
112.36179159182595
112.36709184832115
112.36879917893393
112.3851322123527
112.38852493194965
112.4167032164524
112.42590655668207
112.42670414991386
112.43735273029809
112.44534474830321
112.45082360888938
112.46824724919439
112.47305353899377
112.49094888343134
112.49304856712112
112.50361356729384
112.52883691414505
112.53452518491117
112.56031272981289
112.56709396125427
112.57642389535202
112.58345014702556
112.58500188629377
112.62338734127485
112.63907025503353
112.64494138581706
112.65172155210205
112.6591018328118
112.67490063804482
112.6766488446986
112.686271312188
112.72895148955868
112.7328608187566
112.75826002288782
112.76503756780228
112.77174783060397
112.77613455382114
112.80546488956242
112.80709867912478
112.80842630461729
112.82032459282172
112.82317458479493
112.85823337051487
112.86272992053185
112.86518473043311
112.87765498161633
112.89439229837717
112.89970353798181
112.90123569893696
112.90819159743972
112.92199272403539
112.92234933920729
112.93431877488831
112.93490898713213
112.94126663580833
112.97159737082433
112.97314173023909
112.99763005231425
113.0054702124458
113.00788413730135
113.02936339825727
113.06581560183326
113.0710844214403
113.07729490046614
113.07965235121051
113.08143916220229
113.18481595895521
113.20004975951758
113.20428673958725
113.21128625015115
113.21366906110369
113.23164420204452
113.23602021318965
113.27114619859005
113.29282789279881
113.31391977244343
113.32884657630424
113.36804703429024
113.36871695242489
113.37365685152571
113.38380178834409
113.39281561457815
113.43497479327516
113.43524940845512
113.43657325582316
113.45017541943783
113.46020973677507
113.49974362536629
113.50483045933784
113.52733780751882
113.54771560976282
113.58204085916309
113.58888138099145
113.6202550323648
113.62406506836435
113.62471082722969
113.63104780514372
113.65254239077208
113.65771118728371
113.67011591890747
113.68834554854931
113.71276143344156
113.7177012958608
113.71926743187052
113.7508099192804
113.75354989763954
113.7649541686717
113.76634809540218
113.76846961857032
113.80797903363803
113.8102832542763
113.82479620646805
113.8437453577872
113.86070339186588
113.86240770136357
113.8629211756756
113.87947685372916
113.88912157644151
113.89598526722072
113.89730599518082
113.90720709094349
113.92707641942837
113.93036768429616
113.93783376762032
113.94269224221051
113.94755929343287
113.94799827766884
113.95619963690466
113.9751230277607
113.98537875997312
114.02202332977532
114.04218464902094
114.05580730899234
114.0596486845308
114.0952466746349
114.10783290612383
114.11374607507918
114.11737631548718
114.13628872790399
114.14483343404873
114.15453183020789
114.15845354292787
114.15966928061025
114.17460342350307
114.18719122688886
114.19507381062262
114.19976747190748
114.2280571555126
114.24947418455281
114.27540058075702
114.27970031091887
114.28265291705367
114.28851833831315
114.33745530019816
114.35819394774356
114.36327569517404
114.39088711933312
114.3927442247612
114.41137769085448
114.4154187815628
114.44223277860614
114.44382221190857
114.4456051318868
114.4575921510991
114.46347789429302
114.4780785359087
114.51595914352887
114.52009694089074
114.5389159136056
114.55669564341304
114.57966151309222
114.61225789720572
114.6204568006871
114.62963098065212
114.64093710057253
114.64715355898976
114.64814519150354
114.66336132400734
114.71706099585293
114.7173752662053
114.7638251097622
114.78684699234768
114.80679923416729
114.8139265211245
114.81541233897647
114.83187426563477
114.84497701462061
114.85801761701993
114.86705823393982
114.88773651042072
114.88836043251239
114.88990602496418
114.92559916957292
114.93042237610487
114.93677671058701
114.93882771840299
114.95765509506666
114.96134288425449
114.97947067281704
115.06387480022985
115.1130892666101
115.14248935100684
115.16325321337149
115.172182595283
115.18193207189186
115.24532806718285
115.24788324770206
115.25152691224707
115.27633185670248
115.28860872970222
115.29258680805243
115.31705899123442
115.32346124334798
115.3719898246399
115.37810589155376
115.3929353956662
115.42842918566473
115.46470645866061
115.48669230300496
115.4886384883209
115.50097261852329
115.5030396585476
115.50524361001185
115.52656333326279
115.52821575395615
115.55372632788202
115.56355059893416
115.59468285927099
115.5971029841127
115.60533741051674
115.65316839441618
115.65327188420828
115.68168973632619
115.68889288454389
115.72215601190786
115.7277740402117
115.7609957794996
115.77911461280209
115.78217572049506
115.79828009978786
115.80272356590706
115.81235474919994
115.83708830473985
115.8690740935132
115.898147486161
115.90268384154972
115.9252696846089
115.93819864293089
115.9493778183531
115.96254912974426
115.96484858135254
115.97489814119065
115.97825188541707
116.02103130492281
116.05462578222452
116.0663947314014
116.11234545444655
116.11715137582608
116.12023986504215
116.13978584124015
116.14662903312086
116.15613033869468
116.17477585264828
116.22216542180198
116.24119060177135
116.26334693845621
116.26648359186079
116.2665074336299
116.26890561255516
116.31814366751306
116.32499037386364
116.35344294248615
116.3615578225354
116.36516120063162
116.37091298933612
116.37187038463004
116.38541316392963
116.39296107285435
116.39419757657987
116.42372438548671
116.42833841130127
116.43991890198228
116.44319981027456
116.44466887692965
116.46552993655037
116.47029283282166
116.47300945757067
116.50088968851196
116.51332861060007
116.5180710720436
116.5192566132519
116.52664186955064
116.53471347160536
116.54473424481891
116.54625672388681
116.57828457641884
116.57919344501039
116.63615203415527
116.6363259453765
116.64702661641083
116.64803166133649
116.66451216208745
116.67549383878021
116.68795955182493
116.68837151494273
116.71772650641424
116.74401608112922
116.77481389811078
116.8326186701142
116.85074051876492
116.88477750312988
116.88823886509101
116.9166521686035
116.9287399758927
116.96883712102132
116.969976247116
116.99637045124604
116.99972125751324
117.01884990632237
117.0265145981521
117.03569637554399
117.05454000007106
117.05622682779072
117.09183554239758
117.09503846724776
117.1045892221952
117.13487163462563
117.14560989910609
117.18247950511244
117.22106163020797
117.2217219539021
117.22507721734507
117.2417281101727
117.32111746486044
117.33963319854364
117.34949528460712
117.36155324828566
117.38789542831051
117.42224800444639
117.43883803971335
117.45764461108058
117.46217785473074
117.52412132418429
117.54386752062528
117.55177368090187
117.61407947758043
117.62576047659785
117.64664502868743
117.65205557753877
117.68148453692564
117.70873268287446
117.71050919157629
117.71153286378893
117.71891567863815
117.72593671954579
117.74337561007529
117.82672697566356
117.83845826601423
117.91713833114633
118.00597313447705
118.02541168602808
118.02758161509516
118.04591881833824
118.05607290897422
118.05979073823124
118.07095038868908
118.1286782654583
118.13188376930516
118.15927743094451
118.19597797056755
118.21642482253586
118.28643094781849
118.29868089721899
118.350756004067
118.37886113190368
118.40102215768391
118.43016460479214
118.4319634602079
118.46491315382329
118.51194212825956
118.51536465871487
118.56359856016167
118.57430113645
118.62640368406333
118.63339267394247
118.63825806356283
118.6553896396077
118.66195776934177
118.67122527576842
118.70641931373909
118.71785474330083
118.72169183836665
118.73507105646084
118.77686642562674
118.78509488600328
118.79402561578364
118.86731407468174
118.86748222839452
118.8750543351406
118.87529518734422
118.92724046833084
118.93957943234001
118.9660022870313
118.97525838107796
119.03603426679449
119.06235864341437
119.09234841702862
119.10684280395955
119.13759887772765
119.19020444129985
119.19397158219275
119.22349468511389
119.24352304766857
119.24548751300952
119.28079048490625
119.4066297464998
119.42499816498801
119.44145114918732
119.4778568323745
119.51968599043406
119.57589304069354
119.59615894061824
119.59997287678975
119.61863728655075
119.64586695891654
119.65924669763871
119.67258810742297
119.67833409203023
119.68687588498396
119.70021683435132
119.71096698336947
119.72276061767812
119.74181669036028
119.74845499391657
119.76729041898648
119.79642088853679
119.83782411363617
119.89373987891926
119.92441782020323
119.97677969386022
120.01487377871399
120.0579122715742
120.1526394234714
120.20811101396856
120.2113854964765
120.23642008746188
120.24179917990483
120.24472787601552
120.2894007863047
120.31847390201284
120.39522569089146
120.50316032372136
120.69274138251505
120.74231063361746
120.76340428221981
120.7675577340388
120.77875772589627
120.78840858172214
120.80539202032568
120.85371341308218
120.87092740845597
120.89378731934795
120.93967028220293
120.96128175532515
120.98128181719593
121.00673882852023
121.0338030146251
121.08269843506602
121.18021724060398
121.26076244009695
121.29625384219639
121.3224748504286
121.3393737249922
121.34653562341066
121.3560459813174
121.39043363569449
121.45794987421024
121.50927186493956
121.52144212858914
121.55188155157246
121.56581567713697
121.70131878293769
121.73203143598244
121.92163080576577
121.94970472863623
122.02165549782315
122.11743677742577
122.1231024257442
122.14593745591394
122.1679103700414
122.21244973715415
122.25801020459733
122.2599712795583
122.28668570798217
122.29361105542941
122.30968077995905
122.31517690978828
122.37285288686692
122.48559066669303
122.57657398786175
122.66987442718025
122.74032664799886
122.95389133000326
122.98728989935799
123.04773430292325
123.07293099200936
123.10867119377306
123.31991381346435
123.32966200937642
123.33036942244328
123.40101573402943
123.4960852452023
123.53093565018698
123.65539038205185
123.69904504306183
123.84893187633816
123.95568805658363
124.03320745926882
124.03392965962574
124.06213268637111
124.10174719518096
124.20982161634798
124.3195149272724
124.34410641641185
124.77429568249256
124.82235775764283
124.83002488874291
124.87782352099211
124.9230766529665
124.92599688167026
125.00960382139573
125.08007259857264
125.19795098032242
125.43391130191102
125.69662808350795
125.75062654215944
125.82696662644068
125.92257210643561
126.13062279300192
126.21319837506132
126.61546484967684
126.63566628629533
126.79210207662074
127.48581137257561
127.61046329533748
127.65080670787323
127.9423246351997
128.39217290972596
128.55965549387042
128.91062218001346
129.5095878751169
129.68911137846052
130.39297788353943
130.79129966488694
130.8735009161398
130.98162640557166
132.0021128098116
132.6960344143079
134.6020131586826
134.68061309034127
135.88016770773507
66.09054548768017
66.22198977107269
66.23642145475634
67.71002835226597
69.36669911606162
70.1691625366638
70.19121565226398
72.7176156834081
73.76200012780393
73.78978735830728
73.89914999999966
74.18562369655001
74.36662668135946
74.51891547496358
74.61262809535067
75.07972159269791
75.13345565047582
75.31877453886267
75.4000757312929
75.4419893461205
75.47193386398772
75.4921743007524
75.50790692765403
75.68521176995499
75.77304611533492
75.8120129961802
75.84918194998387
76.1677659039568
76.1837853354266
76.24233531932148
76.41468235206943
76.44923115968552
76.51865648072321
76.96887386206413
77.00388451892078
77.1086127903996
77.18511026842766
77.36230481385788
77.39560693786515
77.60209755737947
77.60218516514318
77.60667469669208
77.66664126368003
77.6926801471777
77.72826329870125
77.87185812176203
77.9416964281859
77.98370717827274
78.00257724735695
78.05744968379722
78.08225810262485
78.10843191920861
78.1374150003888
78.14973645036005
78.21907355228038
78.26402099610405
78.26702137160257
78.36248034156537
78.44693900334656
78.44777018817035
78.64129231688699
78.71412900577769
78.87303604808963
78.88140336713084
78.93320701277172
79.03279632996228
79.11688259239224
79.34212297640708
79.41519739849439
79.46763039652299
79.50293781659069
79.68289327362675
79.68470952509045
79.72176810293325
79.90608346008008
79.9305469606067
79.93067461463929
79.9372296314833
79.95028503734584
79.99295406544556
80.15239426552968
80.18245851545316
80.21851257322001
80.22362987203745
80.25089001993724
80.26060209826689
80.29591943833613
80.30188539506284
80.33014756205881
80.3324813474066
80.37575936142532
80.37884627999344
80.40270900055364
80.46211582733476
80.48129985024525
80.51740709903011
80.61944835864243
80.63026644745912
80.71613200765977
80.73061886235209
80.76641686604788
80.7754170304568
80.79894910687737
80.8091488568773
80.81711571403055
80.89385186330892
80.94722795634286
81.02864976146134
81.10495016776049
81.1101363871932
81.11700274831537
81.13371024336087
81.13589237537688
81.17410086404456
81.19715399560766
81.2525680247394
81.30822539720606
81.31147133183073
81.34017988805694
81.36619879088711
81.4202784987576
81.46298978980724
81.4764073514236
81.50939131445293
81.5408226955832
81.55260647616387
81.55487178999635
81.57660234580689
81.58629446485608
81.59481558275436
81.59885130947151
81.63452466302311
81.66982044313531
81.69753597835782
81.74720098251049
81.76750123140246
81.77228920335983
81.78253820354274
81.81037431646543
81.84139799543446
81.85420028465035
81.86533228532883
81.88847050360769
81.91259078599855
81.91487474540143
81.92224763908226
81.94733150421
81.95109280283944
81.95562532564782
82.03557822969829
82.0397208250692
82.07452334424545
82.08255236735997
82.08599194516059
82.1081316725768
82.13890949564559
82.13924230308086
82.14217468781553
82.15146545702414
82.18061049661635
82.18758215749256
82.20750942452605
82.22056988694032
82.22217815424202
82.25713833935629
82.26063228111336
82.26142416222345
82.27327369416217
82.2823397111072
82.28369471380005
82.29033138762256
82.29988442680384
82.30540102264165
82.32353776327257
82.33202315916778
82.36036727637983
82.36702593387324
82.39554446307251
82.40060852492901
82.43082573676308
82.43677087521372
82.43818234657127
82.44502170495318
82.52126406787784
82.52737691323948
82.5868190621363
82.62778178168878
82.64219055933566
82.69991017922722
82.7094382966349
82.72862472016502
82.74304195244638
82.75314370049577
82.78187992406997
82.88379801968057
82.89294901793392
82.92374082977696
82.95666350842447
82.97394258666078
83.00272953141919
83.01256692180722
83.01488031848754
83.01896578108888
83.02776746466014
83.028017732317
83.05745572967257
83.06900643980592
83.07769027974732
83.16852555231442
83.22469226184838
83.23937540894086
83.24824008066334
83.2764890675195
83.28509623734026
83.2870068728474
83.30475018195047
83.33951543703786
83.34011054326795
83.34192049905894
83.36928734291962
83.40365837498493
83.4227599376127
83.44532781013132
83.45897187247704
83.49725509958839
83.524282503958
83.52780537120998
83.5337480865393
83.53992799263752
83.5470172194007
83.55147294385657
83.5632227186447
83.61022322181446
83.64410383495306
83.67808188814587
83.68656371381
83.68775262659577
83.69994206321053
83.72623286798255
83.75945508496537
83.77202759638419
83.8084603281837
83.82038768452301
83.83949134236553
83.86218677373981
83.8719341823518
83.89284907615831
83.95484614946298
84.01226826410029
84.01243269198152
84.01400834120736
84.01838312581722
84.02241937954413
84.04844551473259
84.06006582579612
84.06061955974589
84.06539873366344
84.08075988143298
84.11511356201808
84.12655939817593
84.15118057329936
84.1661492546294
84.17742100254353
84.19214548336268
84.21878562332805
84.22014847561803
84.24736680072567
84.2834772055821
84.31532227406018
84.32728795289978
84.32938966840977
84.3399400212804
84.36293048125128
84.3890982027619
84.39279891362445
84.39510082393258
84.41054616384298
84.4116873528627
84.41520548976172
84.42242052379197
84.50157267381073
84.5427407531512
84.54354861104508
84.5456162090323
84.54702478330594
84.5838391096119
84.5985901379811
84.60470994592171
84.61898332032942
84.62385721604126
84.62526365390256
84.63141994931846
84.66577329452836
84.6751435237802
84.68589765389392
84.6994208479758
84.7401558855943
84.75217486713616
84.78671664004763
84.82087613218008
84.84333188674447
84.8483543497203
84.8874195860609
84.89207921305967
84.89755535547087
84.91072088071735
84.91649556246604
84.93972932947146
84.95184422616003
84.97220210960323
84.97700523857621
85.00488073126809
85.0184577638147
85.05562015638382
85.09740595128537
85.14963319787961
85.15094856463452
85.16095634913795
85.19548302216174
85.20105259499947
85.22000301654825
85.27321163825727
85.29551086157306
85.30713390255781
85.31609398880452
85.33590604141396
85.46287881578107
85.46403741176307
85.47884963571012
85.49511039545222
85.52493434224137
85.52824301216744
85.53886199057305
85.54795428284424
85.55077718635107
85.5783196281561
85.57849905003776
85.5885149701727
85.61369924917122
85.6208115214657
85.6239805637637
85.63051226481728
85.64020899247343
85.71265289053603
85.71975332693276
85.72031416822803
85.72846939936532
85.72868152253267
85.73715816971351
85.7453217322855
85.75314397245303
85.75938281036883
85.77538380407067
85.77688641802762
85.77776668889966
85.77900726180553
85.7896051765645
85.79558917062003
85.80054299728133
85.80865329290835
85.8181288949651
85.83985243517323
85.84401609011616
85.84723949941042
85.86849754787548
85.88231813119091
85.8849943004498
85.8896646964802
85.90797064407911
85.91566893703542
85.92070115320095
85.96136361912352
85.97162893867603
86.0095956096263
86.00995289908496
86.02275937479476
86.02844142556994
86.03396886849531
86.04411497085712
86.0660385794057
86.08279346737156
86.08407215894526
86.087488795682
86.11345571473302
86.11649464498474
86.12330941256502
86.14768720680551
86.16391114744495
86.17705906551367
86.18736459460686
86.19367518620007
86.20179538164122
86.23212338162098
86.2410950145896
86.25012257291338
86.27608170415651
86.27620842961227
86.27779167102159
86.2818916709787
86.30573008956429
86.34143603465485
86.34329855170398
86.34722777333626
86.35401728878273
86.35640915306158
86.3741889912843
86.40116486883477
86.4091143502374
86.41721452420039
86.41899968189955
86.4191174775182
86.42551852450217
86.42935213755722
86.45457823383947
86.48075367152907
86.49187994904176
86.49358386485466
86.49795319282705
86.50362895722246
86.52215070980215
86.53106643184861
86.53501310823609
86.54592727040176
86.54974422428633
86.56087219218347
86.5684347383561
86.61612037390086
86.62191463140164
86.62428784918424
86.62809002276514
86.64147476172084
86.64399943487128
86.64765877785754
86.67459128598348
86.69381223846331
86.6960043203724
86.70321270496464
86.70572335425156
86.70743371994439
86.73122574372972
86.74111902636868
86.74765777473915
86.74960104442327
86.75184308769002
86.75276858752872
86.76694161375515
86.76894738655258
86.76933825122147
86.77614211696245
86.78303590092506
86.8129238584919
86.81329654735315
86.81379921110502
86.82990513153254
86.83139149990582
86.840426738212
86.84570558536556
86.85064567009587
86.86714310761002
86.87717831504334
86.89054877258405
86.90305484360512
86.90971893826526
86.90988144188967
86.91308281424331
86.9179225741826
86.93450629559595
86.95249606285608
86.95370017434546
86.95611859618549
86.95963109380693
86.95979317195365
86.99240289745045
87.00970084131738
87.02437286113779
87.0248329834881
87.04857228408889
87.0930205063157
87.12440897637711
87.14195365369527
87.1673751299602
87.18366021350948
87.18759161080956
87.18785090958544
87.19118310647578
87.20402294531382
87.24798871058051
87.25150344177884
87.25771959424839
87.27495312161834
87.28630191610057
87.28895916884235
87.31540684168232
87.31785826355593
87.34031001129375
87.34967396273039
87.35545724746225
87.37580186778965
87.3904983922171
87.3935180344942
87.40339710209653
87.4217399549957
87.44155088554031
87.44643392169596
87.47146953682935
87.48140269231418
87.48438157503604
87.48798754151923
87.49132773125888
87.49446789895576
87.49684433241805
87.50952048348009
87.56312250892485
87.56400086378143
87.56934080116936
87.57314341711043
87.58636153277696
87.58726834157207
87.62584842026645
87.62796181138529
87.63093124111819
87.66413331035578
87.67078279312234
87.67730325340375
87.7040353092894
87.70781567491777
87.71520239900661
87.71522783532149
87.72539876592097
87.7343420426453
87.75134839389376
87.75153065005152
87.75339962154618
87.76653851142811
87.77141341775037
87.77443772006782
87.81424357518036
87.8152755457597
87.81650151514239
87.82126831012421
87.82626133825258
87.83706461172444
87.84305294383677
87.85200750821161
87.86106694873774
87.86571817697131
87.8691857779432
87.87281743689945
87.88157083273435
87.89273848841442
87.89409053952214
87.89497271968283
87.9116625949034
87.91552716804352
87.915866605131
87.93499205071736
87.95243112258574
87.95392670209785
87.95718825421417
87.96294589193124
87.9816308708401
87.98463307593552
87.99858390079474
88.00405126254307
88.01684810490855
88.01692210412334
88.02358790079076
88.03353755282825
88.05283356960244
88.05577653736582
88.06706875671374
88.06777021387143
88.06945749270261
88.07088796466174
88.09193183426441
88.10141776329934
88.13050783686656
88.1530885295925
88.15946923073062
88.17147892375252
88.17196750664472
88.17218091448869
88.1737707113362
88.17600287083143
88.17956272955698
88.18045514493522
88.18765950313052
88.20201783657706
88.2067487176396
88.22700251784524
88.22831713302696
88.22993939634313
88.23864838210126
88.24622477812224
88.24771881148654
88.24782095087218
88.25502734255616
88.25584901069857
88.25959328299894
88.26586707401972
88.27505466126004
88.28036136621773
88.286740478202
88.28769783585697
88.29318536044522
88.29565383997468
88.29953074392746
88.29961706369802
88.32062022819275
88.32214712060843
88.3319807010035
88.37454106988058
88.37765698260449
88.39115931639923
88.395195820317
88.41179056497903
88.41738633117437
88.44086674178702
88.4423309803385
88.45016884958312
88.461836473988
88.46542108080021
88.46992575798524
88.47364657286849
88.49228126689785
88.49625156326263
88.50110987891865
88.51021954686098
88.51805812485247
88.5303900028451
88.53765876574678
88.54814341554236
88.55371222014591
88.58091140666541
88.59032968013511
88.59359476960951
88.60413917962805
88.60665389459938
88.6142166298171
88.62264895536052
88.65606142538431
88.68113465329188
88.69576808839884
88.70591601190497
88.7082699618886
88.71044429109617
88.71599345193125
88.73953635389154
88.76497678598375
88.78263564299813
88.78547264413007
88.78996275241896
88.79595190718659
88.8146876095133
88.81491580395685
88.81652486920456
88.86138282207912
88.89403070847322
88.92637268117264
88.93165683518922
88.9429966539766
88.94790367429836
88.96209034408795
88.96471917381486
88.98468598409016
88.98865184209495
88.98894039996657
88.9892704982145
88.98986255376207
89.0051867113811
89.01505033662774
89.01784167814917
89.02608519737055
89.03377538463087
89.03392192218023
89.06706678117324
89.06717860234939
89.0747684680979
89.09147627970296
89.09382590153677
89.10765436411126
89.11108095959233
89.11305789230256
89.12417619658972
89.1287784157515
89.13070468900219
89.13336774482612
89.14314483634725
89.14491238837286
89.14978422232599
89.15641599276061
89.18985722933554
89.19407656908075
89.19687024645795
89.21096847439861
89.2129711116871
89.21894740915276
89.22037983261092
89.23324412496574
89.2373909331746
89.23828946323883
89.24088515065918
89.24255266701938
89.25461742192185
89.25987060643831
89.26710695628987
89.27212140451323
89.29933596207606
89.299606874484
89.31793632244728
89.32200237273165
89.3350145079724
89.33680273714775
89.35404891952936
89.3598529429943
89.37744940194368
89.37966433220633
89.38475496299347
89.39717102860108
89.4077099182243
89.40977498100644
89.42025205337575
89.43418222497864
89.44398076431929
89.46036306763466
89.46062292233267
89.4717165151706
89.49404563735006
89.49514422085596
89.50447216798055
89.50890286659683
89.54132305686926
89.54999187362333
89.56682305630414
89.5882295857013
89.59203397467114
89.59681450910513
89.59800186057267
89.60912487608812
89.61169505735738
89.62098531655872
89.63420356293105
89.63492879988533
89.63702258171706
89.65932078990393
89.68730687501875
89.69059670434193
89.69688284544303
89.71414843380863
89.71549240061472
89.71775470949535
89.7277687711314
89.7298073987399
89.73477345538245
89.77425656026715
89.7783228316525
89.79053553893102
89.80937030071115
89.83877445841364
89.85174638213346
89.9080849096371
89.91812099705882
89.92171744989513
89.92423209455835
89.92982496930853
89.93222959004747
89.93917088451774
89.9495815463228
89.9541321337419
89.99364834834782
89.9983805190849
90.00477146351678
90.01094584693818
90.01208144585728
90.01221969069637
90.03092153422509
90.0509991170743
90.05374951099508
90.06384982644353
90.07159198735012
90.0752410077408
90.08038548979083
90.08155754417403
90.08928604598661
90.0906421429477
90.09066057560361
90.10573046120716
90.10584766647592
90.10651915253266
90.11571678632407
90.12465863521649
90.14043582110095
90.14246941043562
90.1430173268652
90.1465754216169
90.16127266636197
90.16813192000873
90.18235429666963
90.18990133285861
90.20296038659701
90.21034051442282
90.21872990125034
90.25086965063824
90.25887227976804
90.26045570579468
90.26262292183497
90.27827801634818
90.27839389622152
90.2824352520557
90.29491931911285
90.30934316806339
90.31194054420503
90.33060590069252
90.33773465548228
90.34383360640439
90.35112336474504
90.36245096100274
90.36584502839735
90.36628272372349
90.37978445287897
90.38122880195773
90.3961462316751
90.40241178225804
90.40401100475795
90.40994935655846
90.41836325472674
90.42013347998736
90.42074542077012
90.44015645216999
90.4623630718711
90.47548979299324
90.49563169067089
90.49972658180128
90.50155459760227
90.50227085876628
90.5080168249238
90.51508863716516
90.5201881558332
90.5360877636087
90.53995686573577
90.54272469853481
90.55038434193938
90.55506726304725
90.56868147767537
90.5688725729252
90.57649852482602
90.58136623991312
90.5862836111292
90.59052449847167
90.59121829636133
90.59287817060071
90.61288568932443
90.61387470940619
90.61725996982082
90.62252596736386
90.63839448670814
90.64039764895692
90.64111240846017
90.64136314248371
90.64908263760731
90.65825631024173
90.65919520713577
90.65979854803322
90.66345136990438
90.66560180829478
90.66565838402744
90.66642934900335
90.66906549891497
90.69417761298607
90.72346819171594
90.78216234874093
90.78550630497858
90.79018222897115
90.81836616340458
90.81908036267873
90.8250837478721
90.83281285596175
90.83720605651877
90.86350486809066
90.8657668575384
90.89050320672864
90.89064115100203
90.94324341375263
90.9499136676567
90.96475322403579
90.96757540579979
90.97341340371591
90.97678094499861
91.01645395701033
91.02117679128901
91.02263116259054
91.02731730708956
91.0394615844326
91.05608710422196
91.05957638390939
91.07048605091296
91.07128071674381
91.07306946912217
91.08653790994842
91.09220576939926
91.0923911236353
91.0980441554745
91.1037474686241
91.11167071689667
91.11344696984399
91.11551265192885
91.11953031401292
91.12411588007303
91.12852990800873
91.13174826517408
91.1363783697796
91.14277500348356
91.15825850137112
91.16102615259801
91.16401825318145
91.18788633256771
91.19279495325328
91.21675525204594
91.22898995847743
91.2299321835942
91.23320634446725
91.24416371492538
91.24787648853676
91.25071037491684
91.25839389269564
91.26224652358678
91.2668071852568
91.26815859818603
91.2734036810139
91.27587586584045
91.27977980069416
91.29486249438455
91.29541842814852
91.30499057596046
91.32380251405509
91.32385073537532
91.33397818463185
91.33862784456552
91.34566549477448
91.34616067835948
91.35921917827869
91.36691978934749
91.36727224115141
91.37942962639534
91.3795742491936
91.38690850751844
91.38931010601671
91.39775723543207
91.41181619578052
91.41482032388873
91.42883326376038
91.43110055201863
91.45310503957093
91.45690872969867
91.46165042915635
91.46612412111197
91.47356514730016
91.48224575491527
91.48261636243271
91.48322106421283
91.48910761443761
91.49796383391183
91.4995521399311
91.50495089429651
91.5147651835248
91.52099480817029
91.52398487924088
91.52583014630702
91.53282496467345
91.53483597734326
91.53848937064203
91.54792097676271
91.54821193260182
91.55045173230684
91.5965853198072
91.62180981627147
91.63273920936003
91.63317431630298
91.63443914075032
91.63741357553228
91.64686356565517
91.65033999091837
91.65458330066495
91.65587477573904
91.65597618644436
91.6750065686531
91.68040238067371
91.6829808970038
91.6841613630748
91.68472856816561
91.6884479122556
91.70182308115342
91.72632038604233
91.72937035586122
91.73087863234015
91.7366441877665
91.7643869383837
91.76843387997769
91.77102611035242
91.77683301079887
91.78327599080468
91.78451464468944
91.78613070067105
91.80394695247941
91.80875595850628
91.80985896767555
91.81107291209507
91.81700397403146
91.84265241874897
91.87482088670309
91.8780759056096
91.89860385853356
91.89962639400139
91.9037070424692
91.90646526634114
91.90912305148697
91.92068615303378
91.92738448156403
91.92789538661819
91.93750066966082
91.9694830439709
91.96948829440339
91.99108570187886
91.99155808120352
91.99621284105542
91.99790753327534
92.00259698089378
92.0511635762004
92.06912055523586
92.07295464369136
92.08744760801767
92.09591878652164
92.1227560238102
92.13871668596596
92.15243526869097
92.16572008714617
92.17379484680076
92.17866383153095
92.18171379359417
92.18182961512974
92.1826668412021
92.18440232907211
92.18483779978425
92.19748401979204
92.19984948585959
92.20737378248107
92.20800946552397
92.20894606315599
92.21612406327618
92.22672783382073
92.22782590162134
92.23694075407602
92.24025783155622
92.24138846637048
92.25115820356746
92.26178375984743
92.26191464236055
92.26792267052518
92.29444604466828
92.29449933413514
92.30072518965213
92.31163404169607
92.32451475253826
92.33507691290274
92.33511204270212
92.34438009177404
92.34973857854806
92.35070850163517
92.35260736028329
92.35907113409637
92.36767157063558
92.37701557528953
92.37939853955861
92.3822086766178
92.38542732556321
92.40347091052746
92.40495270561871
92.40656533852209
92.416703904804
92.41744621926424
92.42932571652585
92.43582519784206
92.44252659368549
92.44416093835738
92.44731302277893
92.44835250801735
92.4495391302478
92.47334685384763
92.4874306673636
92.49010513363915
92.54996981673088
92.56010616198989
92.56674166124074
92.56840420154559
92.5769949600525
92.57720291591949
92.58594222788749
92.58783222007465
92.59202369095901
92.59210490079624
92.5985123353558
92.59857138565296
92.60960695781206
92.61726020160509
92.62356197656705
92.63280890830389
92.63619765005123
92.63708016864256
92.64105473077467
92.64432050990341
92.64647744586127
92.66459877303095
92.66586335889878
92.68570006277234
92.68638781314684
92.68742239317426
92.68946834379601
92.69680862764292
92.69928965916625
92.70830930005553
92.7149347489188
92.716967803919
92.71771664175776
92.72135419596886
92.72288970688746
92.7336567786655
92.7348917794083
92.75461524560247
92.76141853674895
92.76186175788311
92.76843995860617
92.77343025347659
92.78912061643737
92.80551771621919
92.81486819929877
92.81488997462668
92.81650518271107
92.82463728440175
92.82478699115005
92.82662146948601
92.8322283798411
92.8368567515853
92.8462362468257
92.84776385962309
92.87195337290615
92.87686393669425
92.88343122433443
92.8864912059243
92.88856637169616
92.89296402355282
92.89792752778125
92.89881522119147
92.91435556252547
92.91495083726394
92.91925737062023
92.91939534532423
92.9470323807997
92.94855946673009
92.95908127713575
92.9674348501814
92.96995941177636
92.97095101780788
92.97623812424332
92.98054930822549
92.98884714550778
92.99496163630901
93.00000463395958
93.00482995827895
93.01438401679816
93.02390117909854
93.02448678239688
93.04105972638565
93.04563638854394
93.0486329225153
93.05283592631667
93.05943817295834
93.06309940095807
93.063843410093
93.08687435933265
93.11971354622328
93.12365091864113
93.1307607719785
93.14104186865868
93.1418426091768
93.14260889502205
93.14660097284695
93.15002414167203
93.15273870489364
93.1535721915366
93.15408806606044
93.15494160372559
93.16486691569108
93.16846383810257
93.18045208272962
93.18095927591854
93.18394685358241
93.19407171563424
93.19702893991837
93.19939148462778
93.20538377029044
93.2116509102125
93.2149062792362
93.21880157294416
93.2246387044812
93.22936441120584
93.22965361023755
93.23026230437623
93.23312498606029
93.2332451285792
93.23977716809244
93.24502565662131
93.24637203562962
93.2542188951377
93.2702965045647
93.28826445982754
93.28907968114893
93.29240047718052
93.29483909038856
93.29822616450652
93.3029197593154
93.3058173607683
93.31035634750681
93.3178945743712
93.32769193898105
93.36705177404349
93.36708864183393
93.3700908674694
93.3841874049811
93.39060151242661
93.39769003828923
93.41556450443191
93.41720467259196
93.43177352542855
93.43694858133003
93.44571747956411
93.44824054986594
93.45177257776801
93.45276341696041
93.45320206390772
93.4690835506233
93.47589782627227
93.47968008131006
93.48048523804195
93.4837437930104
93.49495680724124
93.5057539604603
93.51650556199917
93.51662294207546
93.52103704407108
93.54927011416103
93.55989023473451
93.56877377722927
93.58099952726695
93.58188898125066
93.5824808090305
93.59768289444938
93.5999995693025
93.6007029171293
93.60117291172213
93.60336892585468
93.60459127446207
93.60815697732006
93.60983390629708
93.61056826484932
93.61716735165815
93.6175361925678
93.61903264979591
93.61991487830944
93.62029106281123
93.6314760911155
93.63317815868463
93.634264415453
93.63984737236545
93.64533824685765
93.64639407297125
93.64698329155742
93.64713743554412
93.65449563473214
93.65576178426272
93.6630334224842
93.66359948231081
93.66981563025074
93.67174961732145
93.67228832951693
93.6860031631886
93.68943885358686
93.69849147273526
93.69892466419368
93.70876953865513
93.70909226288904
93.71122186253565
93.71500377514758
93.71620314451098
93.72160108706011
93.72213604846087
93.72439872855638
93.72837030498384
93.7299576130607
93.73190405593255
93.73844756090531
93.73859195168083
93.73909509868409
93.74076218183511
93.74611309081155
93.74761121549709
93.76734330112318
93.77005335211184
93.77776210954379
93.79854578021167
93.79979084799444
93.80558305420736
93.80744967219351
93.81098782652634
93.81595836664562
93.817613093414
93.82088981341154
93.82863816043319
93.84998486114618
93.85196211788546
93.85217229490218
93.85812112614701
93.85836994596569
93.8662860736274
93.86644067212806
93.8866517266314
93.88695752309658
93.89285642894643
93.89899617677189
93.91431657398343
93.91533083291489
93.92002133747785
93.92082259962955
93.92353716137973
93.92438163315532
93.92895794876796
93.93632659180665
93.93940604209234
93.95077409840557
93.95139981758165
93.96304671914014
93.96837417411325
93.98036353512626
93.99186029925232
93.99424786360504
94.00138545732449
94.0057062466869
94.00823492548426
94.01719378648382
94.02812107731434
94.03721834053967
94.03924637515361
94.04368183050231
94.046585815176
94.04825291835427
94.04868264587117
94.05036673664944
94.05740440141743
94.05748263130016
94.06668981533632
94.07328768058835
94.08500188244624
94.08788491599253
94.09412356616686
94.10590366856182
94.12055740148422
94.12424744346414
94.12568951762907
94.12610877101079
94.12859688168939
94.1524212611649
94.15893690395917
94.16520945726327
94.16644945301269
94.17080741564209
94.17482323266145
94.18699550754422
94.19028594587218
94.20300279666405
94.21053879518949
94.21284443260194
94.22030649864338
94.222364222545
94.22241149243833
94.22449026292577
94.23087019243339
94.23131819001622
94.2327455588306
94.24367168968556
94.24969334197525
94.25170451579575
94.27202175105762
94.27224039064336
94.27229136472855
94.29208511523049
94.29437165886557
94.30402316716703
94.30908627414313
94.31258438072956
94.32516419895393
94.33172686122589
94.34665358421032
94.35256917507508
94.36496966243112
94.38996540405321
94.39334288517765
94.39378826863656
94.39728423087516
94.43262535014765
94.4396777528982
94.43987212835366
94.44029979463268
94.44409703315536
94.4467615749454
94.45591513978252
94.46592590465053
94.49444428971621
94.51067568752708
94.5233910380868
94.52828916279029
94.531739453705
94.53454985752535
94.54544292154648
94.55084786210514
94.55433004119998
94.55491974855995
94.55534890353839
94.55710622939088
94.557212437361
94.56209826497921
94.57572223655066
94.58015552217586
94.6020540983936
94.60557946012915
94.60779070154203
94.6131103965926
94.61775853949202
94.62073474950564
94.62381056133253
94.6266961618502
94.62697080836058
94.63465361509894
94.63805969495044
94.6455379825751
94.6473608381192
94.65830124745561
94.66262179867554
94.66377497801096
94.66458647255648
94.66570879679008
94.66678825987394
94.66927518808833
94.67991424507201
94.6819385462241
94.68266803604163
94.68457218598583
94.68991619905184
94.70528428592252
94.70803959166082
94.708574347033
94.71673500869706
94.7207504738779
94.73980526986085
94.74799176785999
94.75344705593176
94.7552768897383
94.75537415017945
94.75726926953863
94.75812919246019
94.75834771387997
94.75944860959774
94.75980383476387
94.76257314977
94.76825328799825
94.775715161917
94.77912451816354
94.78088978909845
94.78250159780538
94.78512516428411
94.79747893531476
94.80303483618587
94.80367316762928
94.81235601911972
94.8177000482314
94.81948261110811
94.82124491478395
94.82215618143216
94.82312100615388
94.82444272385318
94.82676585463821
94.83148168042354
94.85715467458851
94.86566030514584
94.86882414238683
94.87377783716965
94.87428049173333
94.8778710736259
94.87963450354337
94.88653304232007
94.88980831405382
94.90529086817598
94.91335231375103
94.91684181891863
94.91931435594074
94.92126921083751
94.9232048749199
94.92366739174803
94.93472371418167
94.94835024524366
94.97131477306147
94.98078591573862
94.99298298412545
95.00587004759934
95.01887076065351
95.01929921789387
95.02017220916738
95.02679281259147
95.02947886369154
95.03214540199228
95.04295720383183
95.055697218563
95.06824318248695
95.06883403568845
95.07275560381659
95.07748703823808
95.07929452278302
95.09817479907998
95.10520112035609
95.10606764233093
95.1089250621918
95.11120547403112
95.11905483420979
95.11942671450574
95.12281768240406
95.13429827578133
95.13714937722803
95.1423804893176
95.14317848080852
95.14939262446681
95.15154349429653
95.15159661007245
95.15367126468325
95.16469281061207
95.17420425427626
95.17764039651132
95.1779190661396
95.18531433894012
95.18849756896381
95.19123842974973
95.20715219811484
95.20744910748279
95.20790269328384
95.21235607824944
95.21266451679156
95.21359525592663
95.21463345681926
95.23612874528767
95.2398025425477
95.24134133807463
95.24172882038799
95.25130992326888
95.2526774056838
95.26262748433757
95.26286070864022
95.26465340889384
95.27135225073071
95.29046261914459
95.29328721276023
95.29429314263115
95.30224595235728
95.30413454524879
95.30505205251322
95.30922214597666
95.32167366894362
95.3257546273446
95.33120280619067
95.33255385659817
95.3330352101616
95.33429528196024
95.33483162970408
95.3361278039637
95.33752746427301
95.35763647673585
95.36080169374883
95.36520577458583
95.36815335134966
95.37033677373864
95.37594500977872
95.38532884625212
95.38826520227447
95.39606830964175
95.40315360254255
95.40324571945678
95.4045661304672
95.41195539936865
95.41557132698196
95.41682817913224
95.4196223770987
95.42663496419108
95.42758073165064
95.43324073636111
95.43811386849066
95.44396005865192
95.45097943802914
95.47695478968922
95.49395303442795
95.49681940231602
95.49919490568656
95.5003697073846
95.50557094447629
95.51540678851036
95.51899051610432
95.54505766023341
95.54952021283329
95.55845249599187
95.56043795436165
95.56281476269804
95.56607584627096
95.56837723579955
95.5690996531951
95.56960878444214
95.5721968055994
95.57438028504887
95.58178674133387
95.58848429454851
95.59242241664107
95.59311331840019
95.59354257311372
95.59478840255352
95.59493665170851
95.59501301922687
95.60266399988222
95.60294123204184
95.60595649229916
95.6127142210563
95.61726931001175
95.62070395510113
95.6271451235451
95.64517386756899
95.65577136157165
95.65629376021768
95.65800447480085
95.65888772695492
95.66518485854675
95.67348601464607
95.67755997036659
95.68050111524751
95.68894275571603
95.69082378368498
95.69187068126811
95.69871719765705
95.71074655235942
95.72384287163584
95.72859359234464
95.73358839296922
95.74050835848908
95.74459790146888
95.74799985072497
95.74965559582454
95.74976489061306
95.76203969635208
95.76521791182172
95.77417765215641
95.78054359081258
95.78207986904872
95.78479446159614
95.79125740344388
95.79263734501055
95.79348711547574
95.79593139885726
95.79891687972973
95.80569694423166
95.80641476547325
95.81041956615276
95.81135601702806
95.81184499171609
95.81483323577015
95.81901899530097
95.82036816484108
95.82753682963154
95.837444834036
95.84095222851876
95.85790043167947
95.85811256795617
95.86267883768234
95.87061476322243
95.8715111252184
95.88911471306896
95.88953716080395
95.89285456782795
95.89571744232352
95.90020878412346
95.91776327073018
95.94189296053808
95.95461200734256
95.95906978556874
95.95941327005654
95.9606822553899
95.96264935171263
95.96605370056174
95.96619429799966
95.96826934030182
95.97000347398729
95.97124399710968
95.97641586598488
95.97842226288634
95.9978624153967
95.99830742300873
96.00225719470966
96.00364419017168
96.00557898244007
96.01137603841373
96.01647351341244
96.02478233686263
96.02550041622837
96.03235726268457
96.03960281891108
96.0507286070365
96.054227753679
96.06164607888536
96.06298816207823
96.06371616463422
96.0676367433075
96.06835145472999
96.0793759202611
96.08932462804198
96.09683798960201
96.10273287710298
96.10417624805719
96.10704582798799
96.11628138261409
96.13578701283828
96.14063205502757
96.15601804015161
96.16505471163435
96.16532090250753
96.17775182327463
96.18096102874648
96.18336548164429
96.18372792606323
96.18554022282966
96.20389116391483
96.20581459924605
96.20586035362889
96.24592053316707
96.24960078608669
96.25440983605841
96.25447871793926
96.25809391213188
96.28465730179293
96.28540034029935
96.28679540695215
96.28796484790047
96.2951906315769
96.30590397642328
96.32062329828645
96.32901986102792
96.32935501927538
96.33209467808571
96.34545711100249
96.34637600676214
96.34650184436413
96.35015573449448
96.35552225637451
96.35759461729174
96.36722944710876
96.37216279036512
96.37228896190251
96.3792488711455
96.38026247491514
96.38464864296493
96.38659294853389
96.3913508726372
96.39671423058189
96.40228341400947
96.40551487993282
96.40635299165875
96.40713147215438
96.40803983330181
96.4152028815526
96.42225142163892
96.42583262278309
96.4297347056456
96.4411236033959
96.4450000003708
96.44924601200333
96.45315119633175
96.45911288323649
96.45972284989509
96.46004232987265
96.46388281447436
96.46707943780542
96.47427254735823
96.47489264998183
96.48972704769895
96.50254294430397
96.50582094872263
96.50723300362208
96.51698341981103
96.51900756894243
96.5221031536734
96.52679390178044
96.52705010343635
96.53022226857608
96.53793162414861
96.54023915735974
96.55486086790293
96.56139909084604
96.56411851633591
96.56470504092671
96.56524928081883
96.56773770553986
96.57055048157277
96.57645843455518
96.5788298406708
96.57994083814371
96.58268935392046
96.59321034217706
96.601318497095
96.6038488467845
96.61102333487929
96.62201588116338
96.625320415648
96.62827827086672
96.63342581775706
96.63552425229474
96.64898969559002
96.65813462924068
96.67536654664053
96.6757592726668
96.68437670458589
96.6866082450501
96.70939900418492
96.71655400133605
96.71723414111456
96.73304388570833
96.7367317373242
96.74281078622877
96.75732332390096
96.7581347658452
96.7583583022198
96.76201256968669
96.76424148508616
96.76472897360543
96.76750895289774
96.77453642917314
96.78664335926932
96.78900328474234
96.79546632627533
96.7963608214731
96.80161645470483
96.80165421447822
96.80242617587132
96.80603249067761
96.80654705301612
96.80957907971847
96.80977968118721
96.81908773867823
96.82128845168694
96.82715851326672
96.83517163646573
96.83727987497274
96.84477884686471
96.85511920299562
96.8576124495279
96.85841038299664
96.87031876112383
96.87034827231776
96.87496143492875
96.88131549667919
96.8862380538223
96.88654974368565
96.8867049909259
96.89802055337486
96.89851681025989
96.90981508818393
96.91624984806636
96.91891926066947
96.93320498293863
96.94353500524903
96.94547308140622
96.9467654531667
96.95815683710767
96.96821173630656
96.9687339812609
96.97903831664242
96.98064035510102
96.99974655909824
97.0071630404758
97.01763800593402
97.01811181498562
97.0234017174563
97.02344450748484
97.02350782917172
97.02723568375448
97.02961829518463
97.02986797339912
97.03305436782918
97.03823041442467
97.0436038285242
97.0546734402235
97.05807001058643
97.06476512581595
97.07824349737868
97.07953196699226
97.07992412414535
97.08256127963355
97.08557971595467
97.08958043411482
97.109139623238
97.12333729443074
97.12569709377493
97.13029766113156
97.13327851850545
97.13476149015268
97.13643827230119
97.13662341103252
97.14041301061857
97.14637696151927
97.15548615387488
97.16323485661823
97.16332647932796
97.18415884126613
97.18498910655735
97.18640721705968
97.19154808977488
97.19606592188653
97.19875242628927
97.20073553410074
97.20089384634058
97.2028637786068
97.20313076768653
97.20369714743842
97.20911433640222
97.21672956090397
97.23248140669841
97.2511152965384
97.25157748562157
97.25524831868958
97.25566101801124
97.27434582310009
97.28044279760857
97.2809375894669
97.28667885509195
97.30872993570601
97.30932413937501
97.31085998502034
97.31828363603846
97.31994824203115
97.3239123875615
97.32519856996733
97.34031337986438
97.34283231088511
97.34345841419848
97.34374319232565
97.34614840958625
97.34840357001424
97.35179893023954
97.36342372866878
97.36990826564707
97.40085907377302
99.99667957550062
99.98805966210296
99.98397816785037
99.97653681036672
99.97385236864294
99.96920181699062
99.96894402729455
99.96893970617022
99.96417299203912
99.9625984245291
99.95174322646002
99.94854154812101
99.94814140133644
99.94726728765903
99.93452320176938
99.93362813088835
99.93278286216693
99.93127111172332
99.92415563064658
99.92383759749528
99.91719375577395
99.91384652673734
99.90029845525196
99.89202168749928
99.88573708324675
99.88234204445975
99.88070650560796
99.87772449559561
99.86874637320328
99.85259980715303
99.84916683900161
99.84598055912713
99.83958948043535
99.83127736016847
99.83122518200771
99.82666755416912
99.82528892236094
99.81967494234682
99.81442727600688
99.80857137348548
99.80491327241624
99.80415088852189
99.80054647241239
99.79355582076029
99.79273919045679
99.79159245235455
99.78881226063538
99.77945757944234
99.77707810418612
99.76425075768617
99.7576636407951
99.75740143690282
99.75723816208308
99.75625690923378
99.75622847153042
99.75214625231192
99.73919865821595
99.73758763097902
99.72816403290096
99.72410426442241
99.71892476462205
99.71865987780616
99.71705125604596
99.71310181793433
99.70528040760729
99.69861340222614
99.69783986860473
99.68908066466234
99.67387572411056
99.66407636246468
99.66399372660493
99.65023920908645
99.64988795399827
99.6467624737054
99.64342073957535
99.64196794183934
99.6171473734748
99.60964131600119
99.6088300495459
99.60737147572466
99.60388642563868
99.5966327047997
99.58557178843593
99.58056792825097
99.58006323237915
99.57941295812716
99.57904403773503
99.57848030088631
99.57691358417702
99.56647951472378
99.56529892063095
99.56129846061756
99.55598368391364
99.55098077527308
99.5410489728384
99.53843972239822
99.53766990123968
99.53693740888474
99.53485590316325
99.53241473946098
99.52770392257479
99.52685824950296
99.52484171083123
99.5226397628342
99.51705961408506
99.50698559023904
99.50533916097031
99.49539804026426
99.49303517083094
99.48703978753771
99.47415675193471
99.47383626273269
99.46152068367208
99.4510064464016
99.44127137995928
99.44117999153245
99.43908709433799
99.43355050507978
99.41212683376112
99.40884768480183
99.40823128674138
99.39657004097205
99.37444638831039
99.37240085403027
99.37189200953615
99.36807868308249
99.36338533709204
99.36102477771438
99.35016734654434
99.34845050666186
99.34464692059483
99.34139522006366
99.33757317365976
99.33722469261158
99.33647308143779
99.33413099641908
99.32358723126303
99.32008744850981
99.31963532717069
99.31795514535054
99.31271029796387
99.30128314516278
99.29786453433371
99.29678059900915
99.2932927967844
99.28669430134713
99.27998940024936
99.27895628605027
99.27586985343335
99.26416341791436
99.26255900578948
99.26158187231773
99.2587627507085
99.24597289636603
99.23983076057549
99.23409799062036
99.23379115256597
99.23370097102382
99.22842311562509
99.22817262099275
99.22706512908373
99.2246996483773
99.21740630277563
99.20426098974427
99.19540471139808
99.18997943661306
99.1879950797658
99.18406592994178
99.1811804173352
99.17755402221056
99.15258881820986
99.15104081522263
99.14169371902997
99.13857699601714
99.13297906116159
99.10498745216388
99.0929282009813
99.09262671051874
99.0890858616358
99.08794511942997
99.07410937797376
99.07322296712988
99.06747737934248
99.06714898389261
99.06045107273948
99.0562909563335
99.05519852234853
99.0518206124684
99.05076852695484
99.04930884585507
99.04279989863291
99.03877037703221
99.03265079914796
99.0277130666936
99.02656250770511
99.00972788322055
99.00797955800441
98.99935338648588
98.99706150957854
98.97973340661171
98.97910523633259
98.97113841624049
98.97083912048633
98.96318776601278
98.96006034580354
98.95322158026705
98.95223389647079
98.94948096157853
98.94472789679516
98.94069175257489
98.92586113336459
98.9178995294026
98.91182753655069
98.91109096454151
98.9039848757558
98.90001389945827
98.89770092828418
98.89388831340823
98.89325208439465
98.88412752297607
98.88407067989016
98.87395325414667
98.87135850453548
98.86753844358041
98.86203880682936
98.85779247915296
98.85519114865048
98.84840169537674
98.84802975179409
98.84506816397688
98.83864466944954
98.83564907586913
98.82525936510095
98.82346578567967
98.82201428849156
98.8218646080293
98.81480281210462
98.8135960667842
98.81254230676159
98.81186321407787
98.81133255352522
98.79977097191689
98.79441280221957
98.79326563423105
98.79061835808443
98.78980332396857
98.7888991377425
98.78137315592002
98.7685108171273
98.76507604708837
98.76178482272128
98.76156723523637
98.73967512296642
98.73882385024626
98.73796492823432
98.72695253182508
98.72017401182801
98.71411072042065
98.70761818328621
98.70697290833877
98.70502887399061
98.70466888477968
98.69779372886421
98.6977898478
98.694018482772
98.69108761626939
98.69095750503534
98.68107374606156
98.67223310062995
98.6699555601626
98.66847828917052
98.66473355898412
98.6630759583397
98.65805644952806
98.65339204161967
98.64937071780925
98.64074859554782
98.63387788027119
98.62573621305945
98.6250033489056
98.62100905116331
98.6151962840671
98.60794444365708
98.60209464533786
98.59363031490146
98.59173150531987
98.58816902284377
98.58758462468396
98.58554570748208
98.5722438389763
98.56586370060636
98.55744882959033
98.55634455830251
98.54930535659419
98.54720021744647
98.54588205081546
98.54554092127964
98.54474032880694
98.54135276538936
98.54115886429763
98.54002806956699
98.5373371815556
98.53073325215401
98.5236574150959
98.51811799208467
98.51422610613776
98.50917852739413
98.50609059728204
98.50105485802824
98.49182871893407
98.49118783137101
98.48940028569335
98.47617727477036
98.47599164861603
98.47335905537284
98.45365891343711
98.45187892138581
98.44881534940119
98.44752999259839
98.44038908277493
98.4348765063379
98.4300584881782
98.42199818861923
98.4141269623917
98.40560202297677
98.402235552437
98.3987745222298
98.39441310495837
98.39202583583307
98.39157536539493
98.39034721415139
98.38642184881309
98.36795392451039
98.35537499163252
98.3434064550474
98.3426507904758
98.32638826570076
98.32580337897866
98.32009290731071
98.32005178928001
98.31749880260192
98.30097689279427
98.29999572602966
98.29087519179632
98.28028129270095
98.27015499317041
98.26920047167154
98.2675802605311
98.26688925444701
98.25991690388715
98.25651322841726
98.2527498155102
98.25156352793267
98.22598838699813
98.22155813863503
98.2152649177005
98.21497624014555
98.21312150978761
98.21142609728402
98.20904512312812
98.2042207367522
98.19574040290799
98.19443228633591
98.18220437688773
98.1770177106076
98.17349946075971
98.17249438141627
98.17119010366743
98.1706502007203
98.16502066383778
98.16302719436631
98.12564483202748
98.12559061057337
98.11459239968573
98.11160763197381
98.11066270210499
98.10542453993075
98.09775802222357
98.09127748795491
98.08382824499029
98.07810972553908
98.07790405626007
98.07598031586744
98.07185062409839
98.06244018239659
98.0604038800167
98.06011846403193
98.05985714631069
98.05266390607284
98.04047002166199
98.04039812864185
98.03156177079346
98.02468250249491
98.00741438248775
98.00298348585689
97.99944871341646
97.9982632359833
97.99092355845546
97.98809760125253
97.98666979810683
97.98566131995194
97.98218855408511
97.97261352812339
97.97067882672818
97.968287917471
97.96785272388453
97.95796818418336
97.95386314738717
97.9534005058248
97.95050690239691
97.94471596719492
97.94284009314254
97.93542355270603
97.93356923075655
97.93308183646027
97.93218528269264
97.92835590479892
97.92804457997002
97.91874037105316
97.91430207792668
97.90820949717155
97.90759742615683
97.88795848349527
97.88327287055897
97.8781878413967
97.86367026392564
97.86282546668343
97.85889529928298
97.85457864671052
97.85185053015711
97.8407622152087
97.8377432835195
97.81538193988503
97.80243697216552
97.79243910064919
97.78977332447352
97.78896989469165
97.78440381363625
97.77712672090564
97.76283950856543
97.75458776785977
97.74184665425362
97.72813910283556
97.7225153554662
97.71574002575375
97.71163185975742
97.70657843150454
97.70535539132905
97.70332514231605
97.69459428706502
97.69149556642127
97.68672259310779
97.66227666485177
97.66115868874611
97.64900204062387
97.64329179593209
97.63077600155
97.62508528104748
97.617127109706
97.61515768748556
97.61034261137706
97.60972508808452
97.59565759592573
97.5898132179182
97.58278664752073
97.56813543870193
97.5673016564008
97.56654304170974
97.5647084674515
97.5644626181997
97.55773999984018
97.55218435616956
97.52670661906018
97.52532862819427
97.52031912000733
97.51295800188697
97.51053367460769
97.51010914516729
97.50915832923623
97.50508934927984
97.49883982300928
97.49722100789326
97.49708174776396
97.49581010900745
97.49370259369037
97.48217159086664
97.46372550520599
97.46046801423475
97.45803571235624
97.45789488936805
97.45281364554323
97.45117633604188
97.44826287979828
97.43427005731245
97.43357416802958
97.42823458765301
97.41126797902413
97.40933904104597
97.40910120180688
97.4067723168873
97.40085907377302
