92.98858417995906
77.20949863760492
90.93560796120371
91.68451621096696
82.73490810028345
103.40220525654314
88.15665139923121
111.81919317042683
83.87299482435378
94.49138405884811
112.62916701968477
104.88365470240683
95.04514015635728
98.56273304762097
113.07799121836636
90.69451483484741
100.70958107989462
105.74312786600385
111.06916388337474
114.04202657635108
95.22293591793081
76.18268342151902
93.8450094038442
103.05581136033912
102.3607505263104
107.21275734507192
101.29054171375306
113.4813683146126
97.88015935989941
115.7435767062998
115.64761429883914
81.46795840349316
97.24479186103673
99.86278813180436
110.29455122329279
106.7257539042148
87.60736013261999
105.20851468984132
89.8061471656622
92.14186450023261
116.69248407346103
106.28976995536416
105.44187437458152
102.57078835144033
86.92474561834555
122.35823647157525
87.96186674861401
91.73642592133409
105.15463719823138
108.2469301902308
93.02645101806546
109.42902840626704
95.42907558363274
97.14824670520552
89.29207099825732
104.23637975673847
97.42352323461921
103.63574494728745
94.02140491266198
99.5690878636059
116.77928998008326
112.51761119365526
102.90501358282562
89.67745902063929
114.98650452968656
78.07815228227999
99.63728106849533
99.95560074582691
94.7697078670832
120.58762627413435
97.52782726999791
109.50801739804757
97.24216344951905
106.63220662221124
92.40767658132653
110.69661002778928
100.52576195467947
104.73877719873668
108.22896057326876
96.7841888471948
113.59990783767131
110.23883990266856
105.81068145702433
87.9476015166883
116.97253186619353
86.11295554821228
88.4521782588428
99.74475497800238
115.24472315857744
107.4331586531436
95.38339332136543
121.78142267353718
88.76318256910389
105.7308999344755
89.35260761593335
101.26875860133089
105.41271912576134
83.34051622130373
91.66220117561413
102.56000993506059
102.28912019394457
102.53891850794913
92.20580743941528
108.54709918918768
96.4702556098845
102.95621513394016
100.30786303375163
92.58463087874802
104.18905400614872
105.77582679675649
93.79618616755721
81.43937852961636
100.8979541664513
100.52723546329526
120.50122672150098
95.15527585875388
105.8368007278488
109.00067169505897
97.27132270813172
100.89915333052288
84.99810983517497
87.5751947927595
108.35407026537334
93.36917456437001
108.75168452269165
92.21460434696534
86.6268709742458
111.5983194359283
89.71270813067554
103.59245260373854
112.38580739902882
100.93647776595284
95.94547812781371
112.1977335879265
116.80570074168523
103.71491166088826
105.14202273754854
94.0351041705503
99.83806991779016
116.0688887483596
77.86371565515255
106.00208727136092
107.67525454859292
97.71377922546307
105.87071170112986
107.39113801459895
105.60188999636577
111.00095197746286
101.56772952211104
102.13244868826581
97.60084592298239
111.47297904401006
90.8026061464458
111.04703663088173
103.71662421186801
103.90872230305246
91.30024272243037
88.99676901223513
116.89454239800628
103.55246282642636
92.92765388115183
97.71438367635209
109.2959155255948
101.07035531880477
97.74100244750657
105.98170642970376
88.54161263433595
117.37478060587085
97.44141208596668
92.54590801063148
88.96717785229617
107.40370507155626
91.19206911268262
100.81439150744767
127.59048069474957
92.90131151356319
91.67379206866099
101.50699862490565
110.51308605362581
95.27840222186862
115.12947952057202
98.38631302285484
80.65319900372775
101.18894424708024
102.72296243295598
85.57715020960683
94.28042942176045
89.18362269633587
97.01761051390079
114.37860689888477
101.21998907426044
90.17090454707025
99.51777397101193
86.79665467196656
92.07184778003275
105.27273162662108
111.51074639243123
100.7360560751624
98.61920424218202
99.01639092682692
79.78132434526756
113.33535151992295
92.54930425182074
102.10219764198203
113.29544815856748
103.6893888844988
79.22180481299362
81.98055260619783
108.30343288083834
94.88373481528917
115.1438734814886
115.60962952943775
86.3551959280461
100.50883859221248
109.14372685383968
98.67638090826321
77.29832648648116
90.42672188600505
109.03902266017863
82.49345537853878
101.97072627092841
104.18862973968696
127.05044459640419
100.04651619812059
116.95560809652247
119.8203703064552
87.83128076366141
117.76887137540592
110.43625831460433
91.73572970157461
85.61459001866726
97.5737058572489
93.54018808787372
111.15030154027905
110.45082759881689
91.32763666927939
97.01979748426446
95.66296107395185
98.08229910859522
88.84235536864924
87.34757968187589
96.33711470931752
97.21609479964698
117.01668139471421
99.02828027272871
81.59616404560086
117.36073151582454
111.07038762064856
102.55600609108014
109.08703578320451
102.80709214208412
97.57733408030725
110.19382113381124
101.64507734613349
64.31782683374288
102.34700405424512
101.10364921914459
99.33012010596073
104.31498993680489
98.85182582404641
86.05222455846199
95.99046131840608
86.48057023498953
107.76311886841806
96.90920884626719
93.19463326664022
80.10087234267326
75.8216149450476
100.15196968631597
102.45695672191127
98.13671884934676
116.8557639843977
107.78573066829689
92.02203060797913
105.29817947956397
102.27971059726633
97.0425087936395
99.08008766463259
104.80200300528558
79.42953203074846
109.44298273476831
87.38862393002279
87.12998834013342
108.84643562645668
107.79224892670523
89.34670773054245
104.11373152965629
99.09766992053386
93.00003388079968
102.50195492664376
85.54585099260714
100.38435255759583
98.24715117830114
97.72452958331107
118.08512885895917
93.23111873267547
108.13403341224306
101.61139334241835
86.15666859941774
112.44646597892027
100.45629602056208
105.7112058728935
122.09781003003603
88.4118227185516
90.45671091206125
101.24563803371514
95.43131150876422
90.45164025869343
94.92785592945172
99.59345923254595
102.18024264472753
107.4200736175934
90.29027559468015
92.43056510427074
92.26988991001046
104.42852100109492
116.78708484286005
86.24157382192124
114.72757061197933
100.18200348189048
100.55957779637423
110.41850000039643
95.26548351560439
91.3240379289995
83.14032881057165
80.84327323626525
97.62817290475652
106.23657550670022
100.3441525449636
116.5174500185651
102.81254477228659
111.3224611782564
93.96311668879521
75.9864395598902
117.5858567867512
103.61992125969223
77.41543936242536
110.0375632410993
121.25763697870767
88.36362728079683
92.92349485505991
108.35226801583192
101.35984088434724
102.82791505793539
94.7988416561184
107.70950725113407
95.3173115814657
90.76628185037012
97.92126200229572
81.68704022290507
98.42145050692014
97.33040417903024
97.30851777378487
67.66485859008532
89.6724833515299
102.65415391208965
93.00722454421894
77.04594461457849
120.50867428476644
107.95869372280058
100.7932931736275
97.68702408207103
101.21768000269324
89.43270557494299
89.89604946995088
104.49086452261972
103.11715438976172
100.70118805146748
116.48303130602501
105.43738367549017
89.03860437435276
92.06421102105354
97.93777080020531
95.7255520187273
114.09093357531773
79.3393874140255
92.62110184603881
92.79019472843892
105.33557847722534
112.41862049712915
95.27011244655083
106.9704710679179
111.49943100122768
88.13863925314482
84.68755969458671
96.67350877544827
107.94601510636797
104.57091108089433
106.80099865376096
106.45475671283181
82.22741426236722
84.27174970500171
108.45417710197589
81.97110180576811
101.5087337584239
94.57854845459731
111.59709649560773
112.10645184603669
101.40943369462427
97.12049069115842
87.67285692522836
114.14266496699663
131.77880747533968
109.60821784278451
96.90219282235783
94.1899837686076
100.43310104163103
97.32808254957195
103.90399248302116
103.13349955717875
92.35054502913759
93.1203393541262
99.32165973312681
119.4301052352142
99.05522368083537
107.76977829164525
95.45366863818151
103.1896561259919
107.86291460685116
105.796573346702
93.71464149419249
81.22350771616108
89.10049976476292
110.3627700883278
94.67174601422488
102.55912248284905
100.49252952847027
94.35720325226451
94.06184954801004
93.03924541449574
98.84275211840192
94.14233977755444
91.73775492350775
98.41428087672871
94.12457679410593
82.70858121606155
101.40608499728788
101.11182199481044
107.29641692294778
104.25548839992176
114.96075562775206
104.41819545400992
81.41345802824519
76.7553290117499
112.4526324427579
105.52336374229893
97.02737947224261
110.74955822568704
102.26920054323226
109.43192343595463
120.47511697597237
115.62524916460066
102.93838577232644
97.7949427614453
96.85945186676196
107.84976792373665
100.90530833864415
99.9972892058749
88.5706795698031
91.52180098668283
106.50471706415286
98.02705255755674
102.67471661155895
96.14535803087591
99.89083627004126
106.22534102574926
90.82731039701815
104.53631088390583
107.52972065948788
87.25049330256907
91.0004683432197
104.13715911137095
95.51713887020193
95.34364287467997
92.80521978580211
119.18246540609104
103.54726790469395
98.75535204979046
104.90966025938073
98.53597923901785
94.0800543484155
74.49438754689564
115.03235611918933
108.70971542945844
85.24671917176447
79.17906268840075
101.04046995879911
83.70844095222841
84.35821101329338
91.39500559643828
87.75159699161371
100.43419955411241
89.26032240302357
110.31789588550117
102.03515628225126
87.07800487683997
114.75101510952852
87.58892005184669
101.18881124748413
91.27414691248075
108.08877049413843
103.96842582293637
116.0628059316339
105.22724927453585
114.2796579172693
114.20737835284032
122.9129244147568
95.98893473066045
104.88015548508389
109.22191339790861
110.04888123466878
95.46105164662701
102.83556159754067
69.77799705943485
99.63723350509366
94.84818318676318
86.032390311953
92.82455243321657
117.17642612950547
85.52512880046282
83.19157495084258
88.01102284717103
103.64475569213324
102.60559708911454
97.13616781300689
113.81451854404925
105.00758030453125
95.07647707957304
91.60644644728335
94.54852155197698
103.61526264669084
94.57488418732906
105.54826407297502
87.82795630061054
101.21474881898517
120.62596491225847
105.37581999221192
80.9010687226118
99.62370051809796
96.7489462035581
88.19215622585305
109.88518928216449
103.23990767636035
92.30476198610091
81.11834629049788
104.63852036207378
107.95713092231843
95.77369115385287
101.62741412069322
88.64069937839822
101.19840002291424
101.05428204054287
116.12276450437562
115.77816181587298
87.51746327508152
100.67528625310679
103.39774234966613
110.92000822118187
114.99538426171847
95.7488521297516
131.33564374278595
95.247796761656
115.30369432114172
109.64793991008779
99.45969821037727
96.14792665923062
94.21405139296213
83.81334446280678
96.38546480740858
115.76873795482555
113.53109271494358
113.29775673411206
111.45857517027937
98.20753064640007
122.4881241499181
102.9834747823695
89.43990324449155
101.09023040891456
110.88993164886736
105.1995883880954
101.78778034830674
92.21169696934159
106.40798375907806
81.56180872534514
83.4147586146401
96.52518199251836
104.36256323357904
111.56554601950725
97.78248460313199
105.20945266048761
87.06982152697927
99.39587222278102
101.76986143869503
116.9382748906541
97.841984619971
87.77474355376157
81.59035927482618
93.36080740663482
105.40943950770396
87.82405870850579
105.51960944539663
113.07951979378709
101.39496581883984
88.66925125139547
85.81812656275986
111.01952492955698
97.98657929865487
84.69356128455334
104.90275026820069
89.31723136287164
94.68644970950517
104.16096147585712
116.92782996362642
95.08660557619595
102.87439792427317
93.10244259461751
87.05096193888537
93.73315995230551
97.82744215547478
98.37556657512998
93.37251823393102
119.951177337273
97.68411408036576
83.27068685911776
98.8133478950417
102.01132618722812
101.80615330530959
80.74362521822766
90.2463303971004
102.42568335387591
98.80081624607925
90.0826815285701
108.09704036168321
102.60099458146473
105.43559010548853
97.47555136590648
96.31347059625263
86.23332878645677
95.93363207703146
91.20254162940695
94.13765780714346
105.05668498125833
107.7651761015885
90.94760698585569
106.91319351405654
104.83386744053432
78.3290905330345
105.68995839975541
85.64726995337998
95.82929048545273
112.17586728557345
90.87727923117417
85.24030279232943
90.23347581086267
95.16174687418268
83.96196788652938
103.04863576640986
112.31080946287575
112.43120320102955
103.55289532106327
113.91167068620159
95.04012419827131
114.15851326334972
106.28621973355482
93.00741346785043
109.90028406102887
89.04876507198479
98.51502832103004
99.78293691666306
95.85069604734679
93.526463611085
98.60768203876809
104.40815083520536
100.02322891403176
82.69330107942855
97.79983382933433
95.94275733221924
112.3181241692327
87.88816177541706
96.49976303046402
100.40613284145674
100.44740037028488
88.69048449839637
95.14017613860482
112.8151306455064
91.0870167213202
122.11459137962923
102.88927033208975
110.82522515122983
86.09235861059693
103.02229100872012
105.20762009801895
90.26429249932728
123.84975263425096
105.49388569844368
104.4244575953086
96.11201998515334
125.48380877766282
98.5439012225092
94.92716641253566
103.08982581108764
91.24950448359934
107.92212868261365
87.93118216232173
108.91677136302515
94.44420074783613
108.8575015339423
114.75691387354927
102.1967531476044
96.52206154454996
95.43508380371792
103.55467281400301
96.15026981407195
91.73267752882403
107.30180423099013
101.76899912907002
109.19735944958452
96.06695893208625
93.79284583327787
87.05472706691064
106.58911311253466
98.77269969045393
110.61760347214877
106.26327584687651
99.14498862374128
112.3737215537641
110.90672258123357
93.01710792000226
111.55262422629306
107.81739889131393
80.76712574226113
104.70399902525268
97.00902329219974
109.6812958710232
90.39084598759618
82.59351589589457
101.65502646001049
102.84908470336792
100.44824942924755
93.50785812152552
89.02146489939987
101.91560681881376
94.96091772771422
97.28564061274122
80.86937633901975
116.68166609761529
104.21376448326448
96.15704022372917
114.92887611711082
93.68075344029272
103.2191202944406
83.59667610201635
108.58742306479925
86.90311557640705
91.29381017064182
104.24387407668425
98.11295485859873
89.40061459726503
106.99244330688319
111.49639343966334
93.58800355497195
96.19281666460313
82.18204761053545
97.81298949626468
107.97011531752439
99.8649802975219
102.9181111521242
96.64457091134875
98.48952465462638
116.81794214265307
112.38719203290748
110.651703330525
93.86783227384106
101.47542603981923
118.83646088490833
95.12214948956228
87.9029024172846
96.64372044811246
96.43984482625028
104.37060283776482
96.2989172812892
116.54338538690337
75.27942114467115
103.50897901138657
105.38417524711181
98.05953946877484
99.8624346258474
108.29792877005966
98.35625712335077
103.95736028567552
86.2202277974199
104.84985116909033
85.20968622348052
109.044655015425
101.64940459029592
112.81326426612723
84.46280103670827
110.20166477424439
80.33786064863956
96.31016764550438
111.24408162440612
110.08789238096608
119.0725999742684
79.15760278206662
88.89288135892653
114.57503889517362
107.51995891880877
104.13253973005324
96.40623181781224
99.9848612444983
90.02066041341794
75.37333551887927
106.07525435815319
77.15794808042776
89.80819066100993
107.35556313964057
82.60791487302357
113.51879250316395
113.72419423073387
109.31787668612604
109.32864441087423
108.09422115883318
100.1037428591498
85.43108544344987
94.6081863297895
98.51293420620229
94.28257815839315
93.07306615477155
99.88184817269665
119.60832253029068
101.57903893152123
109.6217886504721
74.54070298578337
128.1048760975629
113.318164432069
86.04389622465489
88.72420713438997
96.1148770714064
111.74202896045165
102.92360021068377
94.6124110624764
97.48381350571495
97.36280562018761
103.75558713382404
122.52867194362484
96.837448220893
110.87798001040247
110.61055524620839
86.3995969044046
122.04408340304462
94.62427755870239
105.43481056006667
100.08815155610142
87.25721504684483
112.88304801972566
106.2558631421709
93.7659152954537
96.59383453871715
88.74418882295763
103.01340378696403
90.91048013035085
98.00890367733838
99.81764186498728
105.81848762393004
98.22614147759359
107.17279750865842
104.00798444095518
110.40187647510572
109.03838708400617
84.75549999946388
95.45406804714537
107.39404114891498
88.58210602988385
101.06944476965589
89.37153555180655
108.35198387586978
112.3954250034458
86.55904509534533
97.72517129453736
88.14110085596775
105.48407621326356
103.44309455893803
90.90178849759585
101.11280588836529
91.4395100634844
83.19002241212468
106.45880189156483
112.70725277624327
113.9126387908233
96.58832911802216
103.09196315753282
88.19467059360339
118.1326768221156
87.52577338771052
96.35599504548796
107.73848497198367
94.9201641926484
118.22651186226264
78.86926944529526
94.06721985620828
94.95089198311737
83.03875119706714
86.14380250450755
98.32711760109062
109.39647541857593
103.33971440512052
88.50073709944476
96.90572647286314
105.86662782480654
102.04167142820087
79.78540173368884
98.68398492513093
94.42102413468993
96.14375453105222
101.4626970642161
82.81093303802918
81.5026034241923
91.16511512787923
91.4461198827512
94.5968156041791
91.88525118111524
108.06408233519849
85.1927875790964
105.05662966286013
104.03188366029715
98.779925837574
100.08139631679504
87.70277052406254
110.41289803214907
114.09661798930765
94.14365737738954
88.21394483281934
97.88126833183314
110.03231849009373
102.74243888733848
103.46695847280719
109.85861804904263
111.62805250941493
103.80598266193688
114.32266064117539
94.63294058673861
98.98896919721633
93.424144399251
83.10946877403794
104.05164459864915
109.60399090733404
106.97599754605947
84.78780218862138
103.40297705598765
73.38193694754548
104.13017987376591
85.39571761726839
112.15783437845649
105.21763092861595
83.32757300665568
112.33939914045578
87.13431958838035
103.51266210742853
114.48055206061117
81.31792140617927
103.79610415137941
86.283949184034
116.02521400924243
88.11898921236723
96.56136151858993
109.31766546133686
108.4216604536347
95.17764688185152
93.75817616988066
107.24871091527459
110.17325082151464
93.7208902260983
98.49641404680577
107.2324767957018
118.57967203276374
92.24170712949463
100.98827717303706
108.81893547697845
102.32298291311649
107.73106675772034
92.76284188062102
109.770687538661
85.35304360560777
107.51137246764534
115.96581908586727
100.21629962313128
98.31406892027954
105.9208547323824
78.50301415931212
102.20728109000396
83.46601601604573
96.87214796363847
92.35646919778765
84.74602004555018
107.76366999645101
98.07085699666446
105.0971048924517
92.74056658922994
101.0517332878818
94.3090313842644
104.95867056673076
116.86991135827022
100.86590997793883
89.74088150786822
104.93239252024715
92.29822003274782
107.4509361422501
96.79962400894277
127.70629618273055
97.34793755089605
113.00731996886525
102.9428207539904
88.0985906617056
108.85519028820383
92.86105860101266
106.05926010600861
106.81329020079666
93.02416039109016
97.80528328757377
104.37226784508604
110.06759540570954
99.49983071326184
98.5623554736196
109.00578447269972
109.52658083069306
92.10673917085387
99.74713096726134
94.53849851318061
98.64742885005742
106.98181609036997
96.30062431549742
89.74840574068367
94.59861317076883
98.44109085966846
97.24468989287821
84.98207587237303
99.8690050340949
96.46522007526285
83.08488252694882
97.61152478325502
105.17224243341522
99.07463238388345
93.80309468204734
97.89732807420309
108.49845314417834
94.0661896329065
115.2941804020121
101.29167070382519
112.18173152518001
112.92604137404382
99.93034308360006
99.75969823200339
97.77327267783734
101.62570346108633
107.17775106358332
90.09651693428194
103.19002647960777
91.31757696553767
98.54364616546486
90.88676655082313
94.37840508893511
90.57967614790104
92.8047982848952
97.32818695621772
91.87261907206599
90.46230824081965
110.75960532254649
102.70801050191497
103.08665094904642
95.15797176148112
121.80521052065987
113.81948413718132
112.73950132945882
79.89122371202197
112.13213181095644
86.81699351282502
98.28497213546629
96.94890183604768
77.47613130630072
106.04686144170115
86.50776692297957
114.7449098816175
102.69817171270415
99.19572040454264
90.44440598985146
104.08872480748539
114.3067033495055
98.90488024249821
114.23991154841045
87.20977633873545
89.91743222460518
89.80574867779677
106.27691971393241
95.876638409702
82.9450473654745
104.78500066025866
102.46116743505831
101.95218447744936
86.9479468281882
111.6281595302681
95.18225104862992
86.827133244552
95.47734048328779
99.29589619346734
101.66806814513141
86.12818464281028
95.3689911055783
107.37711346053989
97.79837993328246
110.82945693197458
124.36140831515036
103.88530084281167
104.84426729694836
114.00027231978798
95.03779494640635
106.45681854992311
98.88543408317108
103.02220912247415
92.75287722141317
78.72676754822726
92.06906319486669
103.30139816866269
95.19011602928998
98.16760383672403
93.88091419674565
89.70271908709941
91.16800049943308
105.79045156046088
106.93364988944876
97.53826985578446
79.74105686704159
88.05090339968542
80.12106850412775
105.69252263071436
106.35275602692448
94.84945841916851
87.77675421031017
102.53967592009477
87.4160109839572
98.3196612445272
94.54478857614846
101.25752628266191
100.74850370964437
99.78038753699363
78.39377840255781
120.72921917246205
96.36000825628443
91.59960743238412
92.93848892562082
99.43420871789893
98.69903202137667
78.65646316913339
116.45894303354069
90.7764819067192
110.61019558145188
117.11755593334729
89.68459941629108
100.7653145160894
86.87324567598215
108.71744409652001
102.54862962973341
111.16004860309565
125.34804893014551
93.95919642643624
92.0221449055527
92.13376632744068
82.09309374230466
93.89315526589024
110.34094278242226
90.01885895582313
109.09374695903217
94.0889967093248
109.62845241277313
101.12795687712628
108.40197069092534
96.86599573965186
100.7383489952856
86.57985779512707
91.12097090268828
109.29741161069964
102.31569517486068
89.40804378840066
95.74823286550868
85.47921626555399
95.43684266428298
113.71380458024294
107.77086859146493
95.86387803199278
93.50342221375686
100.61345387066432
89.12157629683725
97.10780603898844
104.6012967803457
100.65288723411979
89.1706390058167
96.99724147159404
91.4274135576892
87.90586998329107
91.6027761782353
94.24655760222015
88.74810472370805
84.09240967492883
107.49308355754178
107.88130991292026
109.18317080436509
110.45567827489697
107.41355363491942
89.42273740285826
99.41442650987209
81.68370959594581
86.80251534617642
102.66787884954239
113.25941703286901
77.283736069534
96.98266526795824
84.48628219923684
90.59084684509347
93.6321792709109
96.7434425961153
97.4555863764666
105.29357547603216
106.91866708875959
94.48568256165332
112.37217957273084
99.93302961791696
107.87823552433537
85.99933607126975
95.51852684864525
102.06022783723833
113.21374537800105
128.75356050290668
100.60623002952622
101.4718052021012
96.80798622725051
94.6503248333
118.6099522869441
92.4809021158196
98.27614581111209
89.95346474312473
112.09603733424107
122.00004373385451
98.43987749409744
116.12098758314296
100.1184318302533
108.52271068759865
91.13289930708234
92.49825053815282
106.5779560565186
100.21117780272617
91.32649626996876
95.94183197246186
92.89906765251844
111.08364103351568
94.83709487375364
88.64663584927712
94.3631540476355
98.80478205110609
95.8901535116205
109.82118130556498
96.59353230453475
105.24611843390163
97.65488859234708
89.28362596521349
100.36199672923544
95.94720993543352
92.60265268717225
93.89483694689432
97.06663971127944
97.39728349785445
94.21527293775684
97.42985458037352
113.15409883236596
126.37280144316972
105.89062553177074
120.45641964261989
92.18935975948341
88.04622895244023
106.65884323125073
93.83068658844181
84.96123975596485
114.38115493957119
118.58430748892272
102.92514846912113
97.1215641701853
98.15294213602682
101.39541174877128
111.66360669720689
104.23590386838755
98.4673793608653
107.88347769926952
95.08518917533158
100.18916503242261
100.15615224725806
115.76766526053925
99.36337717853282
100.20530797933029
107.15651535219516
102.82771593956569
97.72095896339754
96.15088391968735
113.23800380686082
106.98749868512711
98.39906020919592
80.3088346987463
106.75932361399872
96.89576264301698
103.29584915242937
86.52123789613997
86.11994650020372
92.2498485023193
118.58924238627439
75.81007068908679
104.61793461657254
109.22979335306218
107.59005026446687
114.98718027490159
102.93821665022824
97.32494532144135
90.21507009294007
89.80544529576679
73.85394119299059
84.34557906472006
96.08016098019915
90.86798396741126
71.06810548495429
101.54477405854003
79.96316687251736
92.91779968050355
94.2380448548785
93.31463670237368
103.92879565423861
77.6996549996239
110.61573550402841
90.3207066022961
98.86963669417679
91.10432866604272
97.34838178358576
109.69899217875692
88.03591500181635
88.74303292454556
102.50238871061245
115.53471978069899
100.68011547380188
109.90585502062787
108.81905320049161
84.4070524870278
100.09451353780341
78.85491035270995
88.32398769409649
106.26934484579833
76.96374791815344
105.96015399135044
101.3052821661163
93.51357216788766
98.2681845645111
110.26288393855303
136.43707658988305
95.45174490050792
94.02379262407453
76.26076774041769
93.69086362805241
87.31164920694532
101.9971623355704
131.13757322617343
117.00617108270545
96.14507858483573
100.4113811813513
87.19408173806868
86.3065902715432
101.24603345091074
109.05716334600066
93.04296496882382
105.76037112794845
111.13426874432345
101.29545511277406
90.57774807477927
78.21705269153742
94.90119285120446
90.94460868515313
94.50950027545494
100.32276581715618
102.78861363223685
98.54232625257679
97.08604762597541
95.01640817137347
100.60516695315228
91.59320832575087
111.03239248764412
100.99862364816308
80.52871187357877
111.68901391186787
109.09556874185483
108.25097224928679
96.93616180739087
97.9731887318053
129.11907391023544
93.56205581792695
109.16286328534314
97.75123560994221
99.36296630519895
98.02142058621529
94.01432925389815
88.08019083856253
95.97982861522291
105.34150526888429
89.95448625022773
90.1599899440439
102.51653321193204
97.59163771812146
108.52381137323593
89.15049757083432
85.00472013072714
106.72731716241472
100.08213453117747
111.24464146732237
108.4607772467783
100.05410548312157
103.35426518318073
104.88003134073594
85.39232317827846
92.70947464719163
90.14356397412861
87.9492893081383
91.62905254820163
110.03420221408305
88.92462284482241
101.57362383941229
88.45732775306199
117.29726272042396
104.59681416347428
96.0735757432822
85.32472155758946
99.10412254243842
76.90779241207413
117.25451667567603
97.76965795113298
87.88526965088091
105.68262170000206
79.88082742828585
93.32863263485979
103.28645107987964
82.02514156360564
86.87171783425246
85.95302492455225
111.80519858958732
107.74720075730296
106.23802878894354
95.35194473994235
97.64017295097466
87.33548084005689
99.03158403667615
96.83119472578161
105.60164991840062
95.87126363865643
76.09932821262448
106.26234839105038
102.06523072999568
86.32686471916288
84.39124730138167
104.86093933887146
102.44559852640107
100.3605692312178
74.07341856211272
101.78850194554776
108.26988623914939
108.25015109018454
105.64017310743381
100.56762282753009
102.76715358831386
110.74179529555724
87.6512920171594
101.31523703979997
98.58087911123702
91.5486181037824
94.2461888194025
102.74995404474599
96.31902362324705
88.72306767648591
121.46911135027273
97.56380346650364
117.74177848055528
104.73531286371639
103.7879014834804
90.73355039889267
95.91350860308852
89.64805547595745
94.35622245148025
105.23788797188953
101.91743537709473
93.70535200141681
95.03351206981937
91.37281997078178
97.81313397849242
109.21129258264105
104.28259797297024
106.56162409308494
96.45170056380043
103.48510028520619
84.93514451717641
87.44534992365837
102.83304877207614
103.11196394840518
97.2518268539633
99.87351941146116
93.99758234282245
108.66397662245863
96.37391496022754
111.57645066405834
110.93889296129154
104.92500564209674
96.01119611525426
105.08885661204997
102.64369474208183
97.17885609241767
102.75654816658314
94.55630830577108
111.96852118663209
89.49881418361369
129.1305958348964
88.85467539678658
105.1603857083929
100.08128268566708
103.4042182030926
100.66171367887762
121.73524971203571
103.98749718326445
94.26627318826382
90.570003292847
116.3108087865692
103.86654804576995
102.3419326927825
99.13936526317062
100.55288514730677
100.97876836111172
98.76835866971493
87.88540380747497
112.61516860567755
102.942852120383
111.68835769190109
102.53613685069803
104.4917218563883
89.44647435137861
103.23824209860385
94.46706100535445
114.62333761392324
105.5887232405048
100.07058322649576
103.68812020451666
101.1613042583826
85.41908549163031
102.18972322855538
91.05778235598135
91.72139008227369
75.50481442220018
87.95597261654406
92.60771919474057
85.97117154173455
96.5110390611521
101.34865827539613
79.76166108621803
104.41460300946983
96.80149565562698
113.02044818634474
121.20678580895051
92.56850653711834
107.60395839933508
103.44468606237287
94.4013575113666
104.80005760682621
122.06999546178486
106.7739195882595
104.57995960935293
111.20934340759796
78.90699499712709
107.17049257014564
90.61604536657899
116.98708816759623
98.99651091738313
112.19304561527815
107.10811260667583
101.69510054208419
107.8810503267662
100.37477336448814
97.49504582845408
108.24172678484302
102.58333029890638
94.64771810308882
115.91492386200413
97.77899158267857
102.59740629748906
109.76369888049231
97.84513726874367
111.6199750573225
98.80331857150335
96.58411823578747
91.32542495694794
99.61399647343141
121.6115815848323
78.99307651961021
104.33674328697569
91.63629494435158
101.64349612495884
101.60442970768031
99.95350791633828
100.34869795970268
92.43867931606796
94.24361285478298
111.45667320025093
99.4115405607854
87.60551093204427
105.80450179584217
83.17679085274636
85.57810415816569
105.12657944713439
99.72024223462587
95.66585921242577
104.17417767235047
112.06763656992274
90.32271829137319
98.8042960613501
113.29983291721263
104.71444264944138
104.5621312023362
86.37121287706795
95.2435947290782
128.53838351383675
105.04941095636133
97.92575781186974
85.50505746160245
96.52481188152747
119.94483310083763
107.02274094736913
95.44305071583663
74.97114446536833
96.43278779486987
92.72968014750604
92.61653425368081
94.44337368010314
108.6612069110997
114.98909824983501
103.56134851402449
98.24763312648358
70.48130836604643
112.64650357522385
99.9091355868766
88.81294948020678
102.47159980789225
96.16318993125404
94.70385144846816
103.73376884088165
108.53148177228347
89.3541455062428
110.29681668463752
87.544547721764
92.7955717270534
115.4651153123973
104.8865776247701
99.66228064510337
103.21830111957136
101.72026919215702
94.93390716349319
117.00197557471412
88.98433412479217
102.94554707389685
105.35221568706248
103.31137897722908
85.95236071504085
108.658313246884
89.0315246527451
104.83845039289434
102.6108512146758
98.76804856668217
105.76795059099051
113.86389478180956
84.22776556228837
86.7399740922919
85.73495625754164
98.40444076491673
94.04514566750791
111.85195366369314
99.22128537779489
111.97536960664777
84.9977231854347
92.56944938728996
112.65619937348126
112.03864146847211
113.9624151727657
84.06330890531724
87.325293083553
88.79087365026419
114.54323505502258
90.25118483478374
98.56000241825971
107.60487150959204
106.06797616484631
93.91391511930485
99.79658914641381
105.39390404568869
100.56002310022178
105.07392410007486
92.89281201760683
102.59348727010324
100.83420318305171
109.21455845205062
94.17292860627283
100.1017065159234
101.87159091024803
102.10862118795256
92.02458563920717
94.19175202930933
92.32748668118711
102.85869746421326
100.04489051354948
102.37916853715448
112.4893419329577
112.13888024311731
101.13189694024656
78.90376497340235
124.22881248758608
96.5929509312137
96.9766616099263
93.12616387698384
99.18984266727779
86.77552213620164
101.65438779748189
106.82992944459902
109.62533186005075
101.39520971256258
116.23038388658925
109.3415411364257
89.81559000836108
95.59759208267863
112.73048545848587
103.30221397399688
101.4220928722856
98.63794331697758
90.37337659325793
93.6383428747108
102.82789518570493
87.92045551271207
99.19914242953318
102.84562370708652
101.74485035596784
107.08468776334682
104.17402960779741
112.30624919370399
93.99412785680902
102.64443100988234
83.5768963700676
107.12362651474498
110.66311236149163
85.79116762413715
104.76428069728709
120.8422558284005
108.17045933511972
98.25662027535901
107.2727161650521
116.22117784309762
90.59126068138768
89.85142012054655
99.47140077744027
84.31732968560284
92.50177497560298
85.98227579638788
96.19209424974638
100.85865807553208
109.45257265636968
83.3052727232141
97.01847883790444
94.87808340407287
112.03112175517916
89.44860799384556
111.62182316897945
87.71566586501889
113.32327582316108
116.55600686703752
106.17083224448227
120.90848411240064
87.11824038417411
101.38785483499149
103.52828200733688
95.06972799919767
108.2322536468762
91.67673030006029
112.86284960366812
86.44603553173856
102.06280342320528
108.36064289637008
106.10209653205258
112.20039237722716
101.50850713201231
109.87192063046696
113.04038475714111
93.98195079266524
101.77018075030988
87.53491791522005
103.01861868855528
111.58061035320455
93.19992413988693
109.6049912131457
97.60324153332861
103.7075213262901
120.9041257484721
114.6729922246922
113.09489912031029
99.71768185001602
87.64347221311085
126.17709094517505
109.58156873527061
107.55168289301223
96.91481240145185
110.31048181757099
116.3735743736366
109.47841007334465
85.50455411238605
102.07815970883847
110.17533607620474
98.62471766405694
90.41634530149169
97.11119247458333
105.93995462445389
108.20894256447046
104.80612556448256
118.41243362192043
90.16794246308342
99.37358856992859
103.35735226983039
102.10060552213838
99.78980211597457
110.40821961922903
114.72417266946962
102.94670618923078
93.43615700038771
93.1790346950756
113.48815005816023
112.0671628446581
107.17938823938827
82.68976450268534
91.40410873334895
109.17236299565275
99.31400318365327
98.9675400226703
99.16097673027346
104.29171312147022
101.52087036250305
95.58144235271638
117.57184895621583
112.73193986847237
93.34219449731611
81.87921419130294
100.81886413939309
109.39883081458812
89.88870808988636
96.35259137077504
91.11816616561224
96.70153645485327
116.53367015490016
93.9230713359709
90.87321517189866
97.68450675155408
82.74823930131893
99.96092591441767
102.56429345134646
112.86610395414714
102.76999586965532
97.83794494825187
100.58761208902183
102.68697443369098
107.22921581893058
100.1741685001317
119.70795989719137
93.63759372580417
102.77004629893416
100.66236524377992
90.35127916813451
104.5656040346157
87.83221668167245
106.34482607927836
98.7104231281775
97.76892834252624
95.08597821459536
91.23298188358429
96.48208578729421
96.32447961985129
117.13193895608526
97.00666263402002
99.63675071176237
110.06778094126855
105.43622397842695
108.3244241403294
102.73634299996162
98.26468266533082
95.17071035561847
116.1403792590751
102.28631611773774
97.63292710232976
105.98302784420429
98.00120141215373
97.5687942163614
99.78523269820391
90.20294269150787
96.45166619684983
91.27368268076549
94.21291506823768
108.13415753306185
95.58778157417129
87.41665754065397
110.85224811739572
107.06926326377392
90.47852824591364
106.69379717581278
96.47304120919009
77.69319394778223
97.57028841226138
111.05121092350751
91.37622557202431
108.44803081694883
108.77535560807407
82.02231000806822
112.59205463722108
109.68093592353274
87.14849301810766
96.6479074627107
114.42768760881954
129.7354177399019
95.86841986077977
99.77108490328308
105.71013555457688
95.25107645644141
84.81977346998536
97.93828471206905
100.66462975032638
88.12199719868852
94.97162810731332
91.80243650609802
90.20634136494252
99.26113596100056
110.02170136577693
92.5360785751122
105.66506379578843
106.29074796094841
97.12338376761488
116.16731945434506
82.81763718589185
84.68066427450681
88.29934257516035
107.41959568683959
93.89355502908177
81.2819191056326
92.27349796748165
95.99551045728492
109.11463819956806
76.81554812847648
92.18279948570289
112.2086009064756
87.96083294067357
95.0840245695674
115.86519615676902
77.90238202501445
98.04268642657145
95.61995573439357
106.96312864403374
87.85944301805323
99.72552026495967
102.35160366137113
92.75135130746153
107.17872162612973
108.36750331939469
110.5089542002476
100.42062882892127
87.04193619358044
96.75613374448699
109.08371950178642
96.38751664799975
112.98193463500634
101.33851244633634
100.33113921633463
83.48594333025055
93.88060141393018
83.481418891333
119.03645505460256
99.82608492350981
95.3991707807676
105.12082646143897
95.4493542400578
94.25501857686858
94.08035040458785
110.60856623714736
94.73019877580649
93.3484702214345
103.35426905146112
109.99492459585375
100.92051169264307
96.76571880165653
102.87287031004524
111.71020811096433
101.66247446742749
97.53315532724596
84.60232349127445
102.79833907944787
85.13492877235448
96.274891786946
97.4029276890678
98.88857232066012
105.31438143487337
106.03589238716542
105.56124469029828
118.03587310436762
83.14641540684813
104.7510493002083
91.22294199843402
97.25282672709803
106.65185129200593
101.48611526167089
102.28098303016989
105.1700153036645
101.87803990338712
100.54043318254288
91.51760346229672
95.52382444376501
100.57404244077806
107.71037525967655
100.60099350485794
105.17571897269073
101.15377411307398
108.96942445817805
81.74562533120482
101.7380775503529
92.84195452406723
89.10525329476273
90.5923189541191
84.18435205051954
101.4866904214883
99.47516092184401
100.24392222275381
101.61148677181846
84.58847526291476
88.74452948799886
106.66958109741988
103.05501114246556
84.6492243536745
81.62719614099007
95.44306483825207
102.0651782702595
97.57393950224521
115.80702466275544
113.94206455259612
88.99987156361567
88.29016941265957
94.0948447371745
113.30614704447575
105.46991544081524
93.21462361996066
93.32206745804712
112.2482266865779
91.73337049606029
101.00497561241681
96.4414605320338
97.66222267604658
111.3191608749356
87.90412796017654
109.78577391568358
100.41536739031208
106.94346764799408
97.85787404936428
97.9606201403665
102.14922581543635
98.19470188665623
104.60551171627174
116.706466139922
107.62516958391187
76.25177074129525
109.5077271702648
89.96428632297099
110.09398950381865
102.3141916700517
100.1871528576593
105.02492958983505
103.90885847948654
92.980106683104
92.88324559655756
106.25287911319583
111.53663757376358
90.63695771014885
104.37196298181614
97.61708966776925
105.15889172833258
106.01184736044702
99.16435803321981
94.26726517103616
100.74676093406376
96.5841843751683
99.22746391534254
99.32640201205145
88.74366188033481
114.00863437425551
81.5270482899962
109.3142675623129
122.44469750279313
95.60655488725286
91.2133357065577
102.41893861750081
113.5587774361288
102.30552250357331
109.26737290794809
109.80593646349318
93.09408045535268
100.91198221208968
100.30506841375427
98.70879305038784
109.15613325806639
84.40464933917562
90.80424822690925
88.56712752735098
99.56214355156311
90.7490941308196
116.83996028825288
111.83550386384103
109.8964422230985
98.31450972227033
84.18322324870736
99.88854236305323
109.6319103442624
100.61976976137814
104.55879252080972
88.22318185927627
107.61472977374031
112.83172764829573
117.00970806091641
99.44716182678785
100.55340693494851
103.39398215006646
103.89971902650073
105.78225343531656
93.0258884800903
90.68895301095394
83.32469853554127
90.69923098788793
96.96394986507026
102.8244191933519
86.39273367705468
113.28729500910863
89.9491032092324
131.75469941428338
111.14589117684257
89.02291705758488
83.71418406252572
100.25690520396952
102.24237513378614
109.25320445813287
100.44391143135509
111.09254262222098
127.0326530929195
80.97694119497774
103.37924434174921
113.17868023174411
94.21235053133887
84.84105183582822
90.94515346702215
98.71831833507149
86.26586599317073
95.4391600563717
89.80341571217308
104.82499944386666
109.38257390143868
109.76163592612657
108.42951207079045
114.50868051475233
106.06943281099652
90.54513823150677
85.75637930036227
97.90528730106627
119.23016489393933
97.35093769923792
108.0872240731421
88.36519983348691
103.67249684149348
88.0775971812959
83.6962376406569
82.51848731602612
103.04983351876821
97.36034396863431
87.93323035549975
102.27419866834668
79.76975155297168
102.91115515781905
87.8785790038545
101.49317673481126
104.44059290002727
112.81131913204568
89.09436213197498
105.63291854419614
98.95488181205285
121.89423358893777
102.55078246342367
93.71045705173952
96.86553538485468
111.6762949799664
89.7122179538674
119.52893817233583
111.72703169769648
105.39580500431255
86.77656890083745
96.93291510225349
108.59840216465899
101.23558059330357
111.32336162347323
100.75109834792705
84.52313980144656
121.34410834458511
108.5377610614502
101.48444502421613
114.97342301483678
109.79896342817783
102.95370599242595
104.801045405123
83.55521532584211
82.18619938167639
90.27579432113946
98.41022479103542
95.80184774488566
101.53688980792381
92.1235623322607
83.14326026919825
81.17467038247335
110.67122002669359
91.12839501867597
101.28059284869704
104.36778778432846
90.53889440706935
96.6899741025312
106.52801345938003
103.93606128570153
110.21375500875844
94.14834922894143
85.69074630216
102.32205460779645
116.51071972523353
107.49412394003032
87.90849690508638
98.97325616799428
109.69170478831293
89.16569018010568
117.56636048992499
98.45739389069563
91.29578745320005
96.87945077915258
105.49738798272858
69.13698416617406
103.73599434407878
95.23739715073654
99.3343012051584
97.04870175257732
98.33832075451413
98.01977634673686
108.43803043702626
98.88521432084043
110.77564652964972
92.81674036700777
103.0723043241973
88.07631927624405
108.74377565455481
109.8009744445459
93.54224567384071
109.65157067151024
102.32199960963919
95.56831859689123
102.004183687609
92.49221620300743
95.22985317125757
97.50900263100947
91.569139833592
105.04005463340697
100.71664899206472
85.5873919386155
102.1621140235814
90.71378969619086
97.73224989170767
88.24541189387128
95.80252873047152
91.62202281039784
104.09059735199162
78.18511195811688
87.8155881840022
102.58119478130561
98.576512195753
91.65461308982347
102.12870483493018
106.81193537934791
97.9701541739064
89.7705783711857
86.97200598875867
114.16415511453324
99.78485975343844
82.91577234516241
86.39059807848194
104.0138586502673
87.2704024590314
89.7780034390509
96.56160910702903
96.76796373171965
109.6008820477672
106.73372080817589
100.14746240951351
105.95165260078092
86.81941748873622
91.28187826724772
91.0597567340892
113.63356893570838
90.15283035394727
84.45665481601004
96.85222039161877
99.22614833956115
105.13686969695873
98.18697577796001
107.38695384376722
107.56711324429958
96.23462538781561
103.97076877874962
99.261145075657
106.21329584409591
97.90015090140635
96.20228744064254
108.54734828861021
96.24688081138527
102.39672482094207
90.87325500468374
98.11527814297907
94.25847671761908
111.51691053960084
98.87457073035276
87.46401546591562
104.06954367698266
88.68197290174186
90.72556014881927
95.63496413974624
95.50609380628416
105.16697836738639
123.14878233175884
84.95432234160971
98.93213006621153
100.86397755566269
98.20753043924338
99.38502336506767
95.02878646353965
91.4213931378586
98.12074311864554
112.68274586847542
102.89218961822972
101.88953157124621
103.28690288469235
96.47913131963185
99.40737742676042
114.72133849625034
117.40890140198013
104.66143535898037
105.13641592980798
119.23343827710372
90.68070505451358
112.25461091365975
117.42038211303178
86.16395670573012
89.47433913010859
100.62861572372518
105.27194746452055
95.80586334411132
94.71700335585797
90.75251603977951
93.64000841563221
81.59711415785259
97.57966976982686
97.67110450034549
99.22327802534002
91.15397834570454
103.205453456956
118.15210372077854
92.769450649492
100.08739888783093
98.58442723476718
94.57614956319145
95.08070172683028
87.8885338053546
107.71052957067428
92.53704150249916
76.5947356075526
90.44732050663319
108.84064295347756
105.43121638866435
100.50354843358393
99.38438989916342
123.37913311801967
108.38389082750108
111.55441230841728
86.95253913683136
127.78928585118075
94.75214299893537
97.39430646670971
101.36065990500094
83.0567747015917
112.33953498179449
104.41363504759991
90.7598585557796
99.09801518159651
97.02479530745559
99.1115772650543
93.67772970047277
90.54281033627203
83.81458635620199
95.9579390168457
96.55408975078691
99.48695662212272
91.86048559130901
104.48183554697542
93.13550782807579
98.75323715339182
101.09969199196188
86.45584114762866
118.01814893048879
92.44862153691125
117.69861475342795
96.93961467522163
98.2552577384729
97.54562943258529
67.0147204583171
102.01385055040376
101.63202556246021
112.43881967600535
108.1512334706454
111.74377713628454
94.36277531230371
87.65713031889565
102.22862749338282
100.17830477041409
112.07522006188991
94.62556788190665
97.14656562263073
113.56564169711112
85.47303818523766
108.79759393202272
99.287704905553
101.19237736370411
100.78891132369976
82.33962517579407
94.71867681858626
106.5966915494866
109.86827900185283
104.2760311675405
106.89539191801295
96.58616786333366
101.07512053323015
87.56268463227954
110.24777887192296
84.43624262089233
95.77618819627068
98.69379222821217
107.22623177596917
96.44041477649017
101.54736128575612
109.83060787712287
96.9327867946636
122.6032911445692
88.53306553483392
107.09886689246922
111.26947119843695
90.49962408296669
83.7372329169385
104.1366606185131
103.45154639759109
118.07457172302362
97.69204874197854
95.13149986180022
97.2221278401653
108.77198897306744
96.08690265554749
115.85412793342834
88.99667582613736
90.27159732065603
91.83171379558233
99.47738347453186
99.2894346412702
90.22160554803185
99.12038271634114
96.0448817097339
101.79460184544122
102.27990186000645
87.37723027581785
73.47559782057914
104.529693968569
104.59116614710192
98.02467154112293
103.78820039680977
122.5021535596107
116.33558686669427
108.0600507690577
108.23264412085133
109.10512911148524
98.36365779909188
102.36807610011363
104.17457494463747
104.203617205875
104.5371728928344
99.91249014846713
95.45710359335123
89.26904856713263
97.73503489315667
98.26168241704978
71.21576529500084
97.36238325174273
88.1770363088575
93.66370492193914
90.58018794855059
98.9667705512454
105.55060678331505
95.52759667136809
89.42788583338155
81.30900542840025
90.69562094944663
90.72840884524436
107.58087808052363
107.07596299007557
109.84655103883446
112.40436327116328
117.1418930010899
96.48333949935129
116.63356986002047
99.63905448487684
105.54680742280505
100.8680709027564
96.36052665756957
87.609183332656
102.29456927146961
96.83372673741003
95.96328853290727
104.86589441388918
100.12703795251164
118.16037972910358
84.52053144489693
121.63344430558033
109.80124511348109
100.63921976525447
104.90850828369528
112.8173266457365
83.82104495194909
93.6391391394975
109.16291027156913
98.23362385053879
95.06909894380242
87.74826245797259
99.75723704820865
88.04172086399836
100.0237439377636
88.41876749350408
102.6792936552357
103.31316103434214
111.59073546402789
96.5008397136176
102.9099515573411
109.58381657402086
101.04648222803706
100.92259652421168
113.96918464495026
96.4017775120571
96.40074742997616
108.72323618924516
108.27755355253922
108.57401306258377
100.5134901963133
92.15325978573331
110.65509394910185
99.18501036559084
102.54008984701092
88.44889607359812
111.0814334114131
93.66587724702465
89.78164711367624
103.65242083137248
79.17457123382698
99.38469567607308
100.9837202258042
91.22895301323891
106.08690168263739
113.98896602442929
121.30682293134687
109.91364797044933
90.01349035692648
80.0811137994689
116.50059229979755
114.05853680776498
101.36763618274954
95.17724973020263
89.92628327934626
105.29628557686912
91.91827481526323
101.1095152925882
102.75704803841899
95.58844219216807
120.59539888785345
90.81316338795973
100.17804632709888
101.07556777902968
98.30183915103736
98.95216655603954
106.75345593803456
101.62156405288268
90.83218636352365
105.23066053436959
111.26322780390957
102.97683128128301
94.1218032964982
106.10187814431005
98.6229717007341
112.93006070712727
87.60254505245383
101.59553415587027
105.56100851518049
104.28589388309197
103.47378092781474
96.31974358164915
96.83150603253723
99.73708542822375
100.4999807507616
87.49279449050808
90.71512740940369
104.81605582414797
99.24278777296595
81.34159050911941
98.74283702777743
105.89670324021202
85.11096476059389
106.1663597369499
110.79429937663834
80.36314720284952
90.12226330154954
100.60549118104629
100.56828170554274
96.84898915753968
98.62848953362142
100.54762779941076
97.74245693866206
101.6336631872219
96.48110525882855
83.58230077876817
95.68805855133937
91.76153536222695
100.6539219740184
92.32677741835238
99.42490799933131
102.58997493685436
101.44132117585974
98.61467237876005
93.09406922879329
111.73327971067093
105.33704985592092
111.50805620425088
99.67674091644274
80.37473970674219
98.99046482600276
92.77540256766258
88.67646973964614
91.42965759950046
99.01579005562618
124.01433803492853
94.87458527264167
106.13744303414623
92.39942961396443
88.71682000944183
113.58160101486105
112.64279139576124
115.51696505993081
101.54551577850441
80.9097270571533
72.01574500464146
104.63038468705355
97.80189804658829
110.02865288580213
107.39883602455183
115.88907684573806
79.79639580840548
81.13441824442415
118.62648760302696
93.66211171670888
92.05352525712618
112.05861340264669
93.92877999987303
113.16559265986768
91.2726122584142
103.5699185401756
107.12742057418555
83.02556669178932
112.49633841378682
107.33905882732111
100.77767861732761
105.36513451858436
82.60116556670877
96.91324946410599
84.18119262196501
100.81704381657403
90.00997643650265
104.3201631362578
92.85414354114783
100.447449645153
112.52267114358841
89.89685234456134
103.58956017662408
91.44226098242197
100.70391139026576
101.85972188059573
83.87026799134907
92.13844382759277
105.39587558260075
102.25820720520403
110.36060685102484
118.27020232846893
92.02764811873446
96.27724105668938
112.12158492384381
81.09471332546441
84.61992501184498
85.52829130389358
103.23028637256509
89.52704250663409
122.4085645208807
86.33998814869017
97.7156228947795
102.70825943522424
85.7516098547734
92.20036967721298
81.8748430173082
92.55098131951098
113.69512058038387
89.77181019683842
101.35202486961963
105.74506285612757
85.51073487465474
104.25021365251942
87.18473240118934
110.0527052902233
107.59324852241969
78.6524024661393
93.83750357609935
83.92246185231457
83.2000193110989
119.21112130660597
121.70695734438202
90.8203883025418
92.1287341287086
104.24379443023714
103.69436563465982
93.78362754981299
94.12889273033235
111.54994735573526
113.68435454878747
104.99098765631082
90.81490543472056
97.53800080602626
112.85389939917079
101.97061276788436
106.03311279830378
104.40890427667507
93.94891033764797
85.61968521433681
112.70296666042479
103.22985381751832
101.83240625227062
91.994060627791
99.86215449647236
101.64341261490625
94.12565752086341
92.06816622329347
106.10107930621673
120.09689228848805
91.33007147516133
99.24922646561586
110.98373110319605
81.67456407797667
94.71131045474748
108.29229003811697
91.83595597076237
97.98511925701129
90.99856383333794
102.42135725173988
98.54278189499115
119.6934636849275
99.83918532914892
113.6675364086423
96.67318614915416
99.04186303897414
129.66071446979848
115.02654718749669
107.89427847990164
114.47314042826875
95.43056837704766
94.67571827530118
98.0888244961454
93.72987066875088
103.52173501117909
111.03448446652368
96.11168187033775
106.96190465684721
84.49405267304307
76.41102711105566
99.22222352256938
105.58827946716828
103.29428883465236
92.9476605032921
108.45951598645246
90.1366971763596
87.79531921446053
100.9743080316189
92.36976995503959
84.7486059165419
114.47034170648647
80.30823386935292
79.85083227217427
99.61791451100856
102.65536701639867
88.88280762463913
110.76884707329609
98.97466007432337
105.99834488256447
97.59490098849905
67.5146316444068
91.34761726488503
110.76815027743953
104.26915929679451
95.00794574790675
97.18454719495692
100.18817477492382
99.2022148755327
118.3412522879761
105.15887729032116
82.37662125237902
113.73180028980845
89.50716231414587
88.66260557772237
90.99751478895357
111.37535545824898
96.56584460282137
112.73395318149943
93.39300663619542
105.0565858639229
114.57459111851449
113.86111680253376
96.49940165838748
108.72980823396902
98.18003465827964
90.80442880070599
99.32541237704329
99.97286472771418
106.0355704868612
110.69073347892927
106.11275364194472
80.4471679432429
108.79210387796938
114.51629435393417
80.91948622387578
100.6679272655656
110.16039283140032
82.45830210052344
94.44594210468098
95.57590069185362
92.0886550336202
107.92295874605321
118.47135677257236
111.41141065835033
113.33996910395655
91.67235176233751
103.86440369810292
98.3237556875005
98.79716557075491
99.94380422720407
97.8252816211256
102.5325494784954
93.31369373377562
103.00106751134246
111.43726384508247
97.66323664593544
97.48249460256604
108.33499663311801
96.43046952488127
89.20101411387336
78.87291849534347
108.94349096072823
101.21315979157835
94.26668020557874
106.98974629705776
113.94808008623248
111.77316448224407
105.1481110433899
85.43996593573421
105.38704103681941
103.57313510650951
102.79489503285663
110.04846695599274
110.03337219914911
98.04034010691667
95.15268341831357
101.43507825861144
94.47722306013199
97.31721823484655
93.79048975049977
100.38040427159547
101.68949073036653
86.73589423864959
106.78851677136575
100.62630242495122
98.00539492789405
93.36585817371885
103.55581259668514
93.8035496273274
92.31754066903521
108.83500484075594
99.52327788638821
118.74620587374461
111.32744949303199
85.54785901526726
89.1182340991086
109.60020477295836
104.22641140645314
85.89669864573757
103.17173952836484
90.17055036445299
90.25968613722847
105.05907839016947
89.83457006665675
109.83759980151495
112.2215968980744
92.931331019021
98.85972003818216
117.41497933094114
93.9322269545246
106.52250970630783
114.46681992733184
102.29051410877304
98.31344289790025
94.67153635550582
91.28117758533112
99.52706186253808
126.02697810607086
108.7723773479631
100.77442957876616
92.31805837592152
101.26617250270566
101.21947617898435
98.70691384221914
105.64326948786939
103.10208591949751
99.83461107942453
112.14847179613639
97.9097220031598
99.2060967718883
108.6173018714887
132.82435877263543
95.77020554524638
116.64667117593198
84.06101988911666
109.75116888112318
98.64623070551553
96.24939999830742
95.9847549563374
108.71706837520668
95.69624793342793
94.17605057616217
104.79468788928291
101.76043040685128
99.02522877013321
92.41023320343558
112.35608110424079
95.02885838851539
102.48436626786435
100.8121643815082
96.96275311798753
82.28949276837741
99.16473261055529
106.80293098016242
97.89827710335122
101.73931288976273
95.41654115437649
107.69325732186127
81.8433166211478
96.91329996874227
105.47157869644889
110.71671496651668
87.52569126659104
102.29280466608752
95.35015389511629
89.64481203407833
102.88965157579612
109.160085738456
110.67495815966453
98.04678805224897
122.63509982499215
103.13564633782623
118.4116027921702
96.80501945080047
101.59778877453272
85.61531261821533
101.10514010894153
110.8152625415659
120.582707185459
94.51881808233928
93.04483194198818
121.7165172424844
121.36196135093627
115.75844965381175
104.39421771492825
93.63031832567441
94.46487733304672
108.25372686005858
101.53346990702076
103.72839636354084
102.63162188641218
100.66078563347386
79.09899660943398
90.73515268377544
83.07560041371427
87.86944909639985
89.3103199181451
84.04136887832671
110.60945076624233
89.09646992289699
95.2046544144486
108.57789489185873
118.97610397438908
111.96106163957943
94.09154065825066
104.97314899889889
112.51701651119498
107.8014589457267
99.78694195487178
90.56869913282218
127.45098188331932
105.51656280765522
97.34638687641707
113.984550777647
97.69725753402223
99.62760569058914
104.4507981780551
109.38891545765591
102.3286755723977
89.57944240674136
108.61666868805466
98.95709780662276
98.50156154079536
87.26674010399324
102.18780492948092
106.73912637378236
105.45366879245218
96.16942655725052
115.38197997489294
106.12218350069043
93.5056003552147
81.68263497253847
107.19135561748354
113.71586938268965
103.65728817248802
103.53769024689913
109.85496063147966
114.076914836981
99.87046592254543
87.5998615165697
78.85958377999665
112.96192598974669
102.45889164521721
104.00854945695852
99.86055478151323
113.67413163202788
100.4111456284045
105.12601661348248
106.12307047379872
105.76109435987858
109.05203284773242
96.04149797279175
107.73652193343742
93.85706717662062
93.03479047219659
96.75602450759706
95.54086016277779
98.5530944401566
76.48852981860847
93.37163373822099
93.27372270026581
94.32904153786019
87.50894845627266
119.60985345938359
98.87904933087619
110.02197792094302
109.3227220413078
113.00044645294133
93.47513721201538
92.48610662211377
105.69753860177752
121.88996801939487
83.47205755637377
120.03603970533365
88.64676989028563
119.56485269164041
82.81033805964867
111.94908733215237
86.67022535230306
93.03131915763834
102.36164149736256
106.75415380331656
88.28650148611062
86.01588725508171
105.611248445558
97.24032096462975
96.79136652114587
107.16132182245488
91.33778694532047
108.65119995963542
101.68762268713428
111.25678780433778
102.64822463027886
99.59158340480643
118.16827717783428
104.16383983381311
85.34469609260687
110.58450269289456
101.85805717812515
101.21006853770282
104.9052656418333
111.82101032012129
104.3513654923704
106.04240324536468
94.388397773229
111.99217113830623
100.36121070167556
115.51084635185667
111.04361405580512
99.64634707008454
93.87102722932305
118.79074720812204
93.84266383840881
102.53620072233282
101.53300948188726
114.90556849868383
94.78958149314934
88.29668714786744
75.0003742161318
108.85117594720396
98.9850378046122
90.5580728230698
100.56492234192649
109.08720530466852
93.3472700173249
107.4864019986395
105.6940267828232
98.18929433235049
105.83729296490777
82.60283346559855
91.53624484043262
111.95586403503056
97.69548236322782
104.43893175794025
102.39621139728325
86.08888982559213
96.20979872097693
96.15379382028938
103.33337743274136
104.34456804996474
95.518849155406
104.66407948009181
114.70227629222954
107.82053717146387
102.87932742201556
95.15209115586565
98.69890374818046
102.90239054430697
98.49126022407874
107.19161006214195
100.02500535522493
110.02079517353957
107.47671598935358
82.64452988565301
104.72186120396246
101.75902633579472
82.93197994033596
102.11191784794623
88.94445934218462
101.98768839625671
98.46147381283409
95.58845048274722
98.69084436724836
106.41517081096619
93.45353286140875
96.34587841702287
88.23613375566876
107.25612630192582
114.11877026473528
114.16632955137325
92.70664665018283
94.61584440750387
85.15566165572231
105.99384810207502
101.12189186545348
107.54791452528535
91.81971661226981
106.81983275678172
101.94636359271419
91.47168301846747
95.27292932500663
108.27841871615703
91.53197655066872
86.56733875695456
107.10743995491734
117.19488792200379
101.21748667983056
102.93963458447507
90.86371106985695
113.29957035231413
99.6019200700868
83.46508904764501
92.36140397817071
96.13912111567457
81.55356980927513
104.19366875879432
99.87858690979807
107.98295957903231
103.94366242771002
100.32340411912135
112.00864798190773
80.36196376613034
122.46502266179655
100.33732430152891
95.91466361654118
81.2143189370297
101.31683530465921
87.59011820814573
108.97937653586766
94.43039132774217
97.6781891162956
97.00691651877635
109.22668790605229
81.99028178546837
112.683868345339
95.32084048543406
97.04609567457014
107.15534297441766
109.1086580869242
109.21217137233515
98.58396166497472
102.91177814438528
109.90077438762256
90.16479233220802
95.08840612000066
93.47908729350178
100.93974191891503
95.06289493941074
88.21875865614088
78.2005073609665
106.07932767008288
89.1238858986566
93.40562696138085
91.56585947552517
108.27956903820866
113.56232167129932
109.30240559846145
105.520564292849
97.21573376219558
93.93462667596782
115.40827387422831
101.44423520593824
101.38896869482542
106.13008921039632
121.43937860559097
133.25840886256918
106.91991082582351
113.82050871827036
99.23819597153043
102.94376300876726
99.85175582795485
102.85919960781793
103.04061051622041
104.48274138006863
105.92825331288664
119.894639314796
99.06227082086848
89.6051877117783
90.89564584757923
102.81473753656776
115.87145438203612
106.67954278155764
107.99389422042596
103.95287419125337
99.3522857984029
90.53753498511709
115.73060452658794
112.3823721959808
99.12175040058969
107.01494598632233
118.52693827387472
104.37314388838072
103.61424294724537
106.96122300827363
129.2570859566311
101.98076546489976
74.22272694058796
105.9440277703523
88.6818882251455
91.04275601077121
99.66442298463565
108.3670182362313
75.3514286048634
101.58518284813306
105.47843349440888
101.47470680220337
117.56318035655764
91.57787057870667
93.11432185837666
97.94143128707485
101.49882256516534
108.3487548897742
100.23984412992748
114.44488512657443
103.84826283380929
104.82384809317162
96.77902396993903
95.88960371855448
104.40329427353295
94.88412504313585
88.82999860585565
110.75878973289387
99.0571457936154
92.23944336054622
109.5952432039629
89.35377341250704
101.20794961591223
100.13791823472633
106.88257142493165
103.05408759288443
101.7655971879973
76.839568617749
100.23205442754187
94.1114636829109
113.36362305816564
96.1638435522242
107.4769902949794
113.83969230052287
111.3951366302093
105.6244032593664
106.66337502723002
117.6666015840964
104.72876040970472
100.69207494294568
107.25942508220291
72.25980925389418
96.05025806981148
115.90461250383416
89.49240665625312
98.68498233471874
103.5903854680485
120.37356545955073
108.72432268055688
87.0520815357402
99.18816822180804
114.1676998521792
110.83036666704265
99.03046724315027
98.72026322431354
95.91461791229241
108.93609715929624
95.39544845942895
94.55860815071148
114.51399123096915
114.19674907043049
100.0898222049748
102.27493360731019
101.56304446955117
111.3745179656758
96.06251074613947
85.74806055240157
118.24769001956444
89.14387301534937
94.53911233745453
94.90833317201562
130.8846754722992
108.58533945012567
113.60457005235682
118.75988426984084
104.02989290133759
81.50058851712274
114.83052922357598
107.17535896520536
91.1414415096512
108.59267131758158
89.91277048749456
93.31895785247256
109.35371171390307
89.04800455379703
86.71252895095152
106.95239174222068
108.56275187857722
96.8863656330926
89.95822322294096
106.83496705863979
99.41847135983781
98.58573971358778
114.91793813314894
97.73973960856719
96.01171454522571
112.34360982932373
93.16694998938756
103.11326973559088
111.46644798332625
98.96488530474359
103.97708164442213
105.27923689229092
108.2138028227474
94.24951634269188
97.88558449206332
101.74513881862384
94.51814836722694
110.26330817089439
97.1733668509104
99.82836133668366
85.70590021172309
82.17594931008318
101.18700782960477
99.10666039163989
99.06304456754296
101.92569224395868
121.26636454519445
101.47728385755262
104.42647103419898
107.50605048474225
87.97502598885109
109.96162371075245
104.6238315302091
91.69005194079053
119.71678090583688
97.75395943217829
113.77986984617215
98.33854462681987
103.64174268476751
106.75423652808212
107.69215997705409
99.99780184467345
95.08864789833221
98.54776718687134
105.7680469510286
115.93287335432494
90.9228277571874
85.81499030374138
99.3852993561108
94.50812177646876
92.49139787070315
93.75621681073906
108.69297935106685
97.0965140269879
93.80006175237642
82.45113032143249
103.29886234192254
85.60427215834433
107.01681181744392
99.9348551516969
122.13866784537919
87.4104661726098
103.63545125930519
92.47989135905861
110.71600074245984
112.16829345659862
110.79058302352625
88.90685065597731
110.37760286612759
96.98316323465122
110.2797252963985
109.1417366544381
111.58715830801644
103.85527508348711
107.47428522015169
118.53543802133163
93.99615042418947
96.95438933685789
96.34113193439475
89.20036704332836
89.52609216953425
95.56457826019121
89.0725200681294
103.2910877293606
127.3931200137503
97.85146584697213
99.93879719618396
92.71728628734355
101.91809438279078
97.2148129800347
94.11639910185812
103.37849889588433
108.53907696586816
121.97498536455099
105.5533428627766
106.46454605865618
102.10437058700357
100.73656799200126
85.49690493626426
100.77964544508649
95.56960178846663
110.79245001447488
110.93219731296605
113.59594506880033
101.34070810877583
99.60541225835877
112.84995623159372
103.55229387516444
103.10694043919531
92.04646390738102
95.31534566102033
92.86891147597598
106.10686145095063
103.76755021496102
111.63293590759855
96.95812733180085
115.39067012872263
92.08741866475195
98.80118655749108
104.07369270077655
95.59340174013256
85.24735342781271
91.23683782609618
100.08359855416545
106.8424297844149
95.80948353457617
119.12689901063575
112.471944554884
110.58938827298196
101.96047436531605
92.00885199103442
96.64165876846566
114.06205221774607
106.40336872161123
72.37448912037226
96.29844192857418
96.17051326574891
95.57503854507665
81.41979245182603
95.26400757077462
102.4834915057623
102.03353174051763
110.11123142737027
93.72096333165483
110.06061492807147
104.29643528017245
86.05541271507674
98.96594731941987
91.49741548091865
107.11841421599338
98.74946337249436
112.84993290938868
99.40093189309316
110.96997760352335
116.1894712153326
99.92733589982478
95.39174279925344
93.29855988658666
83.31870339454602
102.73198694584443
95.69939965463226
93.73625171206633
101.69782542617935
100.35776309810855
98.11705004523989
94.24443015536934
91.94749939447402
95.45766449779092
99.86168002142755
98.79486635932318
87.5096071883864
93.09546919170444
105.4208338991501
95.04447242566937
94.90103722702648
106.78537297078594
91.52706089232905
88.69701721274735
105.42884633716714
97.14365796633383
95.43461028012847
84.45512555260959
93.88285724468125
97.12020722657925
108.3770334377638
120.52934531622155
99.13752058652996
119.14158544572666
93.44558885975403
96.0724963381098
110.4922304499095
106.6597366579918
110.48970858821428
99.84042904947967
113.87460125131388
101.73243429487609
104.11931432664271
101.64672232152452
90.22064215127355
94.25609159055713
95.3458678528112
106.5741824627404
101.70166486732144
102.67688856684809
95.49355542434819
100.50980675460376
99.20394995456438
99.99119749956849
111.09218941996438
93.92499107179518
107.14624418046104
103.66290169105949
111.95965224386845
98.43959686616768
97.16838924182036
117.2471820636735
103.03760581537702
115.20656668116952
78.20322164472742
91.1364623944698
106.9949645246084
100.8010089821882
115.216316989132
104.4972021886602
99.29092936726673
102.53913784759135
98.29645877037228
92.42750362069636
103.86488790361065
106.59300001928683
85.86420986574203
90.58427127141537
82.55119392234496
96.05599392830284
88.02076764111679
97.84799728128284
105.18857567460535
104.23700992744708
80.81755055918768
83.69271941356529
89.72481249682768
103.563836626277
97.20449258371012
107.07945298472043
108.42850504040491
102.81728300055217
105.36516790751385
91.00944112897733
103.77556330853893
110.94889642641279
90.69222481930808
105.6749990401968
101.77313046083749
92.65915567686751
117.5628557366682
94.07901613042024
100.273288183138
107.14517318133986
112.36997938584439
96.2766301484909
118.29422799240781
101.86399996133183
82.59429806262243
113.0182413525034
105.43021229016023
91.91175028158682
121.61430213361386
99.46330952455213
118.61350064499179
109.7140646417654
97.29141370142014
97.57848728043828
102.2097074499331
109.29266089594705
102.96343720004522
97.78882188069187
95.75318603093962
115.45769782912821
101.50145898814392
91.99884922582537
97.56994429959292
99.86043008397787
77.68874893398993
83.04833287012251
100.89616481941869
94.63171269351102
113.85399903264184
96.80145745651092
103.70694921419016
109.6276191668177
88.58388836791255
114.72713282318955
96.1832097628677
111.93753125644317
102.71258639147008
104.45092111566242
86.56013445826272
106.97660156990986
114.24807443157862
84.17736962168472
110.52804160256053
107.38907348221989
101.85897355920362
93.72945421340503
95.53373413453134
108.72877222346027
134.97667887366484
98.46361309522217
106.18890753612486
73.14146856124204
97.37606281457742
85.68198453729106
89.51222791752474
98.60101582895742
90.07665048897445
87.06118942953628
107.98683809651256
110.20433501330503
106.70107483774979
109.01555174471221
100.8479833246721
95.21977199375205
106.98863987477677
96.93259093856557
85.25237212804805
103.47950727137582
107.53516331988413
84.41168415213563
114.34679994151585
88.5349305822064
93.51589923056012
90.37292405047837
93.46043466472955
103.08079442508108
99.96039190645448
97.43808178235892
95.30862258400012
92.86610969571028
102.63259131222254
103.00329453655242
80.19620909074315
88.67388788084375
105.40303736996991
99.73532871588398
89.45509188102741
94.59355811573596
95.70683987913058
104.34040490764613
90.60191961246286
87.26061631764571
95.7885775494454
122.92972140787089
112.46645910461248
98.49622955804838
92.03287203340957
109.1622817950377
98.41654786015194
106.92114872651726
98.70485239007564
92.93541252449863
81.3421052005423
103.29630728585407
97.01072994801486
104.21265046031193
97.33758121872063
99.02805554740858
115.72333007386332
109.2501466131662
92.12844732289848
110.09255009669666
95.84609347409295
92.57902427819057
105.34592094617221
95.00996036697927
90.59513865856817
95.85609887184208
108.33939572552426
83.24091241908017
90.38981501203429
101.39154381230107
93.17002162054243
101.48859314211109
92.19069929809565
85.68234772711702
90.62914307526994
109.35783417300348
94.19894268865784
102.12806079321503
86.63155355121171
113.69642192778093
100.19886093898617
99.10562820982572
111.10252881228399
95.4471919946517
106.11840641658502
107.81897932825316
131.80457569976608
111.81070852720632
109.4895254874665
97.25566164289118
105.17566433757429
107.2354244542396
94.70415922929794
95.76084957698464
88.77241016753204
83.01362787052228
106.52535744802731
80.67263676248271
94.61434888933564
99.50514481347555
112.32969648111823
100.74148875010013
88.18380287795237
92.59265156189971
95.77809709762984
107.19311167552613
91.2804360992066
80.40650770950764
99.96549302749291
90.67932018756898
105.29894118714736
100.05103687712463
97.81275599912036
98.66080158332616
108.0404929077789
97.44717567554935
111.13867691190418
121.75785851236341
85.1047196610661
92.5197011081721
110.69271161709239
104.89504308430858
92.43615883917931
115.28436536200567
107.84346500285423
99.59154580731581
105.03877234531812
94.72817637577863
99.015559834938
97.23326620298337
104.68819947081217
105.4291796604887
93.98493243497063
93.74802754840209
102.32782399929548
110.00913782431272
103.54721486428987
91.64767097675329
111.94040482159906
92.16645062291504
78.91070419103596
87.37938450508182
105.58181173888786
105.12275837595159
110.703905701083
85.95652287689418
111.68764161513417
102.28949508424384
77.18399531645827
110.96815469104922
111.71015467773364
106.33008613570853
122.94477986945536
99.19177912967723
105.0726438658496
95.85193160894944
131.10272053518563
98.80027913416168
99.22145814906521
92.8127485314304
102.5608085217772
108.54745684960504
97.9083443892132
92.91663600536839
103.50561440049664
92.55409488295801
81.22387851061572
111.2472976724472
99.40972985995333
102.67213732663487
95.55708240350829
81.16237580799714
105.6897850188078
87.24680795502908
111.57144804522953
93.59314213670542
110.21180636037468
111.57635690065342
87.31719592895874
109.16462776488798
105.52098070982768
111.00185635980117
95.69019477615271
101.83107356484537
91.76669298639082
81.63738603299788
95.60055025450278
97.07071793785131
95.86344812090655
110.44656807510735
104.5812063110627
107.54082385006701
100.87968968642609
88.69152985361953
102.36499347688326
115.20403048609212
90.35425213831199
110.087496572364
104.45867023542715
108.20236754264042
105.87035375263493
92.22650020226476
92.95362200608545
87.87184220497011
101.39194814454925
102.07761192092846
91.3480905378178
100.87426618013615
98.38824911455218
99.15206486000812
81.14575148490212
94.38240500051016
99.64843131861834
96.7527507395655
105.96679016197979
101.67098468767057
120.7640829100151
94.68822266257783
81.84514402585779
91.8609568936306
116.38869288715853
90.75582607299053
119.16906699767324
94.63020516901685
95.42158121936384
92.45150584095884
128.23874874945398
91.09625863417915
103.70966249490425
96.16573919366047
121.03651594057688
95.32915616073095
97.62271915493929
101.37545739177554
117.11284541404284
102.6567590920587
109.14512165419542
115.80926971469393
109.46478865823141
92.53081666960054
80.35186208914939
83.84185088299692
113.31367679327539
90.02794747758581
107.59114219285539
99.60652515743861
97.12478722927766
108.02486247745786
111.30549922361976
93.10243627564253
91.42763270159509
105.72341659739966
104.9880596890502
105.54070586964627
115.05885334666846
107.03576964446258
106.9880567757062
80.28482317023813
103.66619463912869
100.62736643597849
81.52586154542514
103.47796944857645
94.4943631281906
99.99629436758295
117.2488492381288
100.14624581875397
105.90232786214985
85.38118496249953
91.70354371461463
107.54348066228678
104.19180199703177
109.72048824567926
120.20578357967301
90.63033507632625
116.37633197480586
110.19225307923458
109.09228997286525
102.35931999357486
95.77401485825277
78.49580413985481
90.74298949527076
92.83752938136554
93.8559641764771
96.9070858921641
101.61077406363187
104.5613316454852
84.87405871208486
108.35120159589452
94.0924204021493
105.39193448417538
111.54744203190697
92.72347017597141
94.7857848976893
110.52066897251322
89.68512244929721
104.00732465757063
101.07860096775809
101.14203733309466
91.31138218243142
105.62247280455703
93.51752043735746
94.36629631101987
101.62644559435813
100.6911756924749
71.06070681365908
99.26961795290214
104.1427141928444
101.12949078551017
98.28206740390817
97.1336438659928
82.49232526707232
97.48713744688843
108.1623222830585
93.81537293654429
92.18854201043887
90.54832210967987
80.22374753847005
86.27709700202398
90.63048087235173
112.42874212269871
110.82047579312906
101.67438169064225
92.2450558500586
115.79172915342993
85.08422813247677
103.92556154728344
92.75665502269725
122.48292454298021
95.96595423279993
91.76757457816962
88.28809913182639
95.64972042409165
95.76393216514502
98.38726699175866
96.88466039345067
102.19139336149635
108.06800682151366
106.28341709556703
99.23321465609136
85.8860609074277
111.1849685311536
99.42426746005856
112.01176212784564
101.74677174185366
102.84623623079737
91.43468483054312
95.29084715622812
119.73442729078016
83.05597267332776
102.22677818003795
100.37532503991376
89.83368411732923
100.5398810063875
101.97000153336724
84.83391890189478
102.91897849626784
102.62938085084579
97.50050483899898
92.69207632223193
80.24131004754081
104.85465022655607
108.77328118391272
99.55547025581615
80.4596793666869
95.54747225553328
88.84888635449842
112.31120527158075
94.95638794785152
108.8422726846786
112.372849922076
110.7952805660985
109.79878941050222
100.71127258862184
116.27454582318208
105.14971932089652
124.79603395618457
111.09670234547322
102.93898480657073
127.20971382799945
111.88609823873534
92.36243020385936
92.21690084770974
91.87227785702204
98.86257274097282
96.70461301229852
102.46646099686853
106.43448706589646
106.94690317486355
95.9592960441541
99.18709111216704
90.94831891658689
66.1863268053614
73.58927827631639
104.25222615092801
114.43956226072477
78.3129876824055
98.42393402200173
105.02675064844803
93.91652566409128
86.2661355679305
97.48995930413886
90.66809441280365
96.32894160842258
106.65974585213317
99.33736932544122
87.79594683745128
95.23311178271784
118.68186017454053
91.21842929528196
102.91489848890367
106.29148969110986
90.84516671324559
97.40578555064678
114.68033773773047
97.73023299361812
95.66028844427764
90.55317875215549
102.37329235208053
87.05531611338273
108.91164938308616
88.02656012947989
98.84821228227575
104.79920974797393
104.64894767519921
80.76041388198178
98.97238576869859
83.78094997202172
96.41170987886133
109.00996562118345
93.02999370716266
90.29688448718585
93.29855750658498
105.41500441201454
87.5196129215042
118.86786767037155
93.40849259073406
104.56561810264058
98.6850417510711
90.99866683974457
96.64795677534984
97.8197773750867
92.41220822837354
97.41876631704756
91.0354480006055
95.43192404778293
91.48046110246729
89.74563850833664
95.02687694972332
101.19663837274389
107.0061600625245
99.03145172538362
105.47735478887229
88.25520982429626
102.97763627678688
89.92324029820263
105.39957107752089
118.5591802933067
106.59474446892581
98.92291325931251
111.54656395489137
122.87082652904877
106.77289482033898
91.15861333161773
109.23870537092621
80.45580562069114
87.26035135464397
83.80386036214504
93.37655960441045
114.60939942369643
119.75752673425256
80.73928377891444
104.18063027168547
97.3270028608169
108.82490068134216
96.60970981629939
107.52768303303473
77.71485860283207
97.2980244939966
93.45858889050622
103.08805550767929
86.4035829951262
102.24290319614778
89.04600362770374
89.60961798469177
91.16965073587616
106.75013412694275
89.40373348131138
83.79437926104546
93.56937017020209
97.1250451796383
108.87321729649565
102.60617469422648
103.74481086757092
98.37772361096232
101.48579437263305
87.20817729095141
102.00773356043011
100.22452715286899
99.90644749657726
88.19086700763584
88.62565716291726
110.09164982169546
114.63983742007875
103.12875064773678
99.16726096188506
90.08299687409851
106.51655971412015
98.61262048007647
99.58974426170136
85.11194196724406
103.15642283440309
111.69861904869032
101.34885028998872
112.47946660798843
96.01983191584917
116.86065837765184
99.74129324071481
114.84007110404536
70.37622412936919
112.03975349981035
90.67835038548007
96.89084093050243
94.73808802047866
101.18011797243399
113.3442786851914
103.63591643618139
114.46338015117881
97.3672663444962
101.57536166471169
120.56615386589701
109.64576586678223
104.63556898152302
103.85525715554058
102.72832076244907
95.91547639339595
91.58340647344441
100.22563554887147
106.25190534351624
83.4317776566426
94.7928015929636
99.59060003469996
99.72309618109456
99.09642342220131
88.80205843228971
102.57562930661727
103.39858131559329
103.42259789140553
96.84541151665118
111.05931730531441
100.6844469854854
109.07342544737868
98.17886675842065
81.25564361604694
102.93734654989892
95.48721944341683
83.322531406246
106.43077981047013
94.08171542101684
103.33410073757726
106.03955550010261
107.58971913092826
100.73012118757661
107.19473801050874
116.20162070713685
100.03523854690663
95.53283984881864
99.98329896392303
107.80447045404934
111.64292515098784
82.86361800888344
106.41798677780169
95.60319800155224
95.37890679314259
98.78270706269437
101.60141754197588
99.79507913733305
105.77133042059474
95.56568368446044
95.8656506469737
92.42383153105422
104.57823564473333
96.53972877388334
99.31043559666907
107.09515480224582
116.04420667428879
106.91594866967314
94.99382892511315
109.73332294740146
92.17929328329201
102.26376489496826
99.81565427122712
102.01745357207109
114.80309500681945
97.36837207349797
85.71138089204635
105.23551578857555
95.8489766403619
98.4663579705033
105.66606349575102
98.69294646323982
108.72342720246614
97.82627277814159
107.93884025257155
87.23744051991801
109.42950989912966
110.05848082286539
116.84491519307831
92.50813023578387
119.17299626016336
108.56427471563573
104.68663611601731
107.4769221311701
111.48166085855506
99.78479520556753
106.47683990711023
108.05501538777251
122.84278769483375
90.0311806413316
132.18915948147094
89.63254525593169
95.46480812824893
107.62130496606333
105.35988592579699
109.8493086337564
102.57911941658384
119.58912328524295
85.40221700871062
83.1692643041419
116.44134483932618
100.22445647938066
84.6243427343684
107.95172258850515
84.272599236842
88.79589792841628
108.4265026826772
93.72177007431108
99.46817884097426
107.41423491224892
119.06218387950796
113.61717015554157
112.37190735712828
94.85739930861506
86.01506462579442
100.66576662879672
101.59911152031748
104.93958100896701
127.1707916975405
94.83804850244303
92.48337874948056
102.07522452071618
86.21988059751212
118.55324734180176
97.23976952282355
102.23351101676322
84.93778835138724
99.93318492108696
87.24804098619623
105.73369090801128
80.6739985919013
99.13143299554079
87.54280868485756
98.22353708034554
103.97220307863176
103.42550698444336
106.34044591579872
91.78249166594298
123.39637398220793
117.10488109853158
103.4523130202054
121.3179954183033
112.43065855584082
111.51018861363788
80.95085946874457
105.25539710094397
116.97920544950176
101.46311242694154
92.77366112580683
92.38567375664894
95.7056708745757
92.14570478677395
88.26731698265257
108.42476540662277
94.37739546721264
87.97839050199119
105.00357265331132
119.49001639407092
111.16483147424354
96.29794306741759
109.7142452676125
94.87981545969052
91.79055183321013
95.64097327601272
90.99510479333634
96.77721587247513
89.10233146935808
102.12069497165676
92.49528259132744
107.79823225012775
100.93045668247926
112.5470103323895
95.15617175091515
104.25826170005983
103.69297958338068
78.05200535684986
94.26008304446827
85.413684421809
98.50172344314933
101.07648145000725
102.48328124515776
90.6443745346921
102.3747348188186
95.69350830498689
94.62240675304979
97.35284349298882
94.25437440521284
95.471008899268
96.51186937914953
103.23482940349903
83.66071089980916
97.24194830706865
96.2609507495432
91.07375495673955
92.04404718083539
96.62875038715357
102.92154774700232
89.58384448826577
114.00410422408497
81.06062318964746
105.57811802257649
89.67324429085879
90.98881458944601
114.71101270215573
107.1094826911794
110.76656393156084
92.53372378642882
101.95778150960669
100.33206655469402
98.34281133983895
99.9960408344707
98.81357624171353
89.4404449801158
94.969789988857
90.29772819657376
107.92220050371708
93.19991022153681
103.96865711177655
97.01224899929473
85.47955289907104
106.11088976431664
101.39699934771258
105.86697120677805
109.80634982915781
100.14297857467112
96.66083660054309
103.49591675666953
107.72795923298027
107.41915714403507
101.25451721568399
94.03776687668531
91.01424074104014
111.59724182754607
88.44869049117706
92.58377929582355
97.90829451353407
102.12329040580995
85.80037428439029
90.24741785029325
94.18642271512502
99.4726435438008
87.32561247269872
118.22915763785359
111.78016627633464
88.09043747373707
97.64391071470426
103.58294290740622
105.52975667272774
110.98786666334946
88.77899943824674
133.42858776562437
106.8053705374031
104.88594622127496
105.36620248984289
95.72751891804859
94.41569421634333
82.55708737918712
103.13127639948384
112.22926703884804
107.68436311381537
107.77118651030713
108.19956908348938
80.01072491317896
116.64921918349066
95.68512884349974
98.82910226423306
108.73747423777965
108.98821465443308
112.89698059327782
110.47510111855077
104.31284650778939
91.51974309153046
93.55000508869897
117.42935236413607
92.70263404492569
96.32275519086457
95.59296562630131
108.93531722925657
109.23434896371415
104.64311925720055
100.06881176902705
110.9037476720988
91.64607699659327
87.1164436177773
102.75093524042191
119.70660255199914
110.83663922152108
98.70634668738167
112.47071804494847
99.6891627214687
107.07227765524131
98.06717300992325
91.82840531081813
90.49581190837111
112.59758865701619
90.84191641319686
99.67230982884335
95.86115105613487
106.92987633312323
103.6837798467508
100.27929990214133
114.0827672520074
107.45793332213748
107.12437046870899
93.71866756618647
90.98104232826407
96.12621015304454
110.25850409364052
85.8934776409525
94.68425429306703
110.77047679689454
104.27963957285574
94.02692434475311
96.31604092734895
97.97216395822271
99.54561636991056
84.856995332183
87.08787523794908
108.54811076708462
90.76794558965501
110.99604136251946
118.60992009422678
105.58937025734026
104.74313549869888
100.99106381394022
93.25862846673813
81.21864716007488
96.74790833269846
104.2392093322506
115.721703511785
111.70060690533398
108.19512337859922
82.16746856065245
89.1961845171261
96.212763202924
112.75392818578267
105.98965848549508
107.25869618902956
92.4660259586998
81.53671290370042
101.58758130091671
92.43156584022375
109.49785831759895
114.03587362250697
98.73582680091424
99.7275037081031
112.9544773486227
122.10704552174313
88.27852262165271
114.98321229014805
93.70002817336056
103.12997612577068
103.49954424375366
92.29671177027731
96.68015324959947
87.2906372741375
114.29933661705772
118.2627157569573
97.33017223992996
88.23909512296592
97.16459811627388
86.30759111510102
93.17527812286335
109.15910056376494
92.61551851569384
107.01959520049421
103.1393111033299
85.40039891727656
96.4113469237234
105.26439904152849
94.24965585385362
93.45267975471717
109.95863892913896
99.15734675680807
109.29669787821928
108.8158011288908
102.15630454189488
105.55372517623309
97.3668524460455
115.88609981375612
96.12310865421513
111.81790343493088
94.55416366867861
94.14842222914193
102.45899523571568
108.83585341432884
95.77300426236334
96.5985261990823
101.37080309642877
82.68408384869595
101.48318663404925
99.82035277506871
106.02265068779843
111.08638904068502
106.16948668501264
106.1099277519106
104.72618001580527
101.22042492580704
97.16637426963268
102.7621278550629
92.53611813117973
94.75789955750128
85.70275448220124
100.8657144469519
100.15811875962385
90.43241998007825
107.51072166096723
96.52436034823958
108.85807451526024
86.72130866739946
110.92875077328756
91.00554651888831
111.51145672920909
75.6636727589372
106.04251701058217
91.92572383078766
106.09587169003352
99.68905445634542
108.63118751984774
105.61919769887594
113.99810602317329
116.08741023921006
109.18506200628114
80.85636347281417
111.32555097565161
90.63502765658478
95.65292500815438
105.37665657134993
92.64324178173362
95.40360490108601
100.48625085573238
95.63919739071794
98.38094530445579
87.592205270469
111.61427480182705
93.59805510596044
125.08905299380005
81.5202876748778
111.93802867664434
93.54408262455324
112.38468801799503
104.77278293132397
98.54839770797204
84.424995993029
112.91525606716971
98.5217828012384
99.80280227436626
84.55963300350439
120.64789688955722
100.66331467233454
101.64677189691622
93.8394703529009
88.39456069450603
112.4961521519267
101.85026841172045
92.88631025509034
84.01223599376064
108.05659249099791
100.76296328456677
95.63884494100117
103.07938831777832
115.40570576492884
106.90015868850035
88.01981962163822
90.03042566778707
110.86651472283609
89.8215386927872
104.74443615206528
89.67616828260846
99.5099265125678
91.819053012818
75.69954803884815
125.59554955002184
103.60510968599202
92.58834740505493
103.63072952502851
105.53161156281658
94.474446636142
104.8580721481388
79.1705166301766
103.57591958713947
87.41133125836281
85.77981212397883
114.06949425367789
105.99674351029955
96.76526266581777
110.10929423551124
106.49307698455499
91.95553917636377
93.39956372581284
92.47135796517446
125.40644124358232
113.00577943748756
112.88944689645483
111.30061256983461
111.66635458699287
91.08466963089342
84.0535746404186
76.12349819538673
96.12428470998876
100.51902122412663
76.65725071593955
106.1255771831947
103.09035004061298
92.36280253453506
94.2783648960575
102.01361519052794
114.31641857579032
111.20412683332356
102.25606528844335
102.91283073467822
82.2838444205403
102.6083678369928
91.35212572638764
96.26770031446897
78.92212231982562
86.7233458179854
99.35854740676137
97.53929776768818
97.75252589827281
92.26879871652136
109.88932552071365
116.35434180281351
82.6131574879071
108.91169747211482
88.48387815751856
115.05996148084678
101.20757819226938
107.77219726526849
105.22262100305774
91.95287140516001
94.74194413743143
94.01565716975193
121.91770150867907
89.0525520276349
91.9895088869713
101.84270642443147
81.79342779631526
94.57015237900752
105.23230206020284
107.8712379414317
95.30878167487306
104.36173897282268
96.7798889513843
108.68525357967167
80.68329260392494
83.37942292077082
79.75933872156759
95.18558875774883
94.20497437398654
109.90289802926019
103.93948490167783
86.38634356616092
109.76057029890251
107.43103789335022
95.86966984908818
96.19575751508734
116.6734781534618
117.04720252481528
103.53700908390284
95.53625338636522
107.35280690696135
99.02877223270299
102.37077293002963
98.32719436514738
105.39700641514146
111.58041024355917
104.1286019601425
107.02058133454719
84.22135169047965
86.35433531966763
109.89885098853097
110.2760761397958
87.45478100415791
102.02855234087743
115.78812761492993
104.33324021429583
111.10624926276253
108.74618099073206
95.30683258679734
97.71562206674585
89.14603987210195
102.30045995942424
96.9925883018448
103.04002139101172
131.24134287869853
101.85849967991797
98.11915042121056
101.56769291957941
98.00611768983994
103.66330168114612
113.13742269996156
113.54479866739234
100.9033358293737
105.88192518969613
96.49090859878497
104.82420676276028
95.35303578218767
101.40026234449144
93.71027526876532
96.65380526246759
98.0128907233242
107.42666800636451
95.25798025015044
109.6342890045581
105.7760028585259
113.76674540257719
106.26065858923698
88.89883213544108
99.4847820397425
88.48174313150854
91.54674197102636
109.7898037446451
98.13382864207841
101.7133739810669
94.69235783344068
109.74852759072742
87.12720597146522
113.23256617833152
84.8907124781703
99.6229188870042
93.92635115115183
101.94853630015191
93.13028242081384
95.9024039178429
103.1542199794964
114.42931320345892
99.75254822352949
104.85325465259045
117.03438809228157
90.46518553703075
79.51704338647947
106.75575730988014
91.96147998375505
98.70208066123766
91.68861902935585
97.5499027202497
113.67429442635017
104.5858179744966
108.70263010607523
110.9932594712327
93.71044304621772
120.1794178847265
100.53260136668777
99.18163128471741
103.13773725383939
110.74794837902333
89.83641684560172
92.6976173950718
71.78942426325479
109.62977699114
99.34305009773831
94.88618572509236
87.90037086716657
113.84930786886078
88.30418365282476
106.36402882930386
104.17649234499832
93.59478772437784
110.70741998465553
104.09963389356702
105.82820272605096
102.37047200417608
93.11446036345521
96.34687312273695
91.6953448811265
107.352219347116
98.9104655968156
90.15354703131099
112.37439921266662
95.60924661110687
88.86008405034225
120.3252711116321
109.56297178381813
106.89251077520731
126.97161409547337
122.47985596170831
87.62457076858733
87.7519249955609
100.86538704982479
99.43914645969885
114.28621275845423
98.58945554068788
97.10557858341348
86.75926693116556
94.80400162625496
87.74823958344994
116.31999538436231
93.39603919291706
99.00929734956398
81.22033192953813
98.89696747050257
111.09754460034297
108.32990124239575
88.25287050673604
103.56427459490608
115.67042538511038
89.26384000711732
95.41343501227252
119.93072658326436
105.57146443071372
85.01646470988666
83.05075174411945
96.04949570620163
98.33296977883467
96.78073590432246
97.4260726289715
103.72997007854732
109.2864629420756
96.73618382926098
103.10402905738798
99.96997007845953
96.18125603493321
99.13543028640811
111.92039757931418
83.60638310304736
96.4528027121644
93.6521597610605
100.66276190136954
98.17497204140355
97.77180399757218
99.06049713939632
96.56044571019964
99.19413813058594
100.68851876450735
90.46291148303447
111.18507000850016
94.37005314050525
106.24570872443425
106.96869788326038
107.66076103282293
101.90774207549276
106.08763918896985
96.82477992172275
93.19063471158847
85.27497143328698
92.29232931445407
105.58273799510815
104.15376357051692
108.02571389608958
107.6153158708561
113.23155244915326
97.52267640310967
122.82928704572163
117.29220521687103
91.83966838624855
112.09445053766977
102.78252592405084
121.74114170912745
94.28013096481182
104.87259900380832
102.482800834142
107.37563539895524
86.19169831582475
89.46593362503872
93.56307031075524
80.67596149914195
96.93172580864422
102.33746545947197
96.16254714905814
88.05358440347742
101.86756780443436
110.51433332334564
117.9353432394663
99.3093929382736
81.51336965622588
