6.200206223435827
15.682075549682509
12.502492357994688
31.562361913939636
107.71980296267208
64.10586335031188
22.271602103218097
25.50901437706001
26.394135495918768
12.549367397374073
31.13474759377453
26.045983782036814
18.140530266396613
14.607551868758605
11.402672347555152
20.343178707887414
11.31864816679102
10.470074842440026
27.80876087490546
5.066418011356489
345.99558056676346
7.28699873891174
13.748084350976582
16.20783154856988
15.391513592404172
468.73301418653097
25.735583354327204
52.46194151783495
8.063767072346481
27.468526880670776
11.783655580096935
18.802996957721074
6.7374624492652995
36.465634802087585
13.123254404953043
90.31394462833022
21.120808625203672
9.618370985659565
10.471021700358294
135.3558622987729
20.83211210225653
17.819510567460945
57.640319962024094
14.991507637891253
19.921259458610102
114.64748669237053
14.846654706388495
15.785241126675304
10.253314681443808
69.46852008214323
37.5430317780494
15.629806496799842
8.779271870411273
28.757039417814905
26.367464848089792
70.8749053256778
13.055918280630742
18.09841951841283
13.124048849705282
12.1470155485432
34.887820822407015
17.56843429873048
13.912920544077691
7.159200262875605
14.955605944986356
13.778273698036264
31.182329682048938
108.73534627107264
15.59346072209602
21.041005831646327
30.863840084046146
10.219672550927774
7.788619304896123
148.10383864013576
1.6379212178928129
69.95563574979819
85.73048287992758
4.15122564490844
14.06116469648056
26.1215470394138
6.021014246907873
5.149105218690838
8.693871301074324
70.00202117999615
13.61094423373248
33.51258281849014
20.4929097099424
23.687148124527752
29.744494335714744
65.83403316679085
2.21480288286136
26.724567617843668
9.730341017801072
71.75939403812346
23.884733179970418
10.188012859437002
6.767997377485065
9.540159505182785
37.51402124424139
45.95791056074335
50.3463732912214
109.27149422300971
13.736300321632651
64.94462517080706
10.202545575304427
23.944449172218093
11.126939408035488
60.01948388030914
9.748470240792216
19.561703241074273
54.45074889025534
23.49223208899493
27.162293289530208
8.932382833901336
16.212996617006606
40.20328870092391
17.432962209322316
17.240295707276857
15.151039263966984
14.562172305789241
14.549918240658666
23.848856245018872
33.07024719006748
49.55038097703108
8.34918026006221
12.26431862506761
19.68186292394155
5.559194582893652
52.36077798527957
8.395116194841668
83.58086257224228
47.07484134845254
68.6059312814026
13.70535845031916
96.03974394465887
28.345825421405024
2.8980217479825456
14.769413112574385
38.48960629060702
34.80920796230688
3.976620322375331
17.55988733537023
12.295700157623623
41.39862055331804
13.138823142702027
5.00828243653349
16.739615654303165
6.646476939588716
5.042471394936876
37.18478587506618
28.385247078369165
8.4793637949675
64.80397983277497
8.611396657537883
6.3920129136833665
3.9784297999052427
18.28495284084473
35.84818469271643
14.554745551586386
79.32434721558381
31.788524894017108
54.500237581290946
110.12291494021596
18.545388202297605
27.95961754515386
10.199423399401281
42.67744234728743
39.71065348311858
33.54999207198064
21.57113359480349
14.752088973059006
122.8232641578065
19.238976370078703
11.787855662124285
17.481078137231954
73.38220212678677
9.570361516973893
51.79388616201627
45.78349204557711
42.51238711737422
357.55788422643155
23.55178008556601
15.87809490383419
9.723967713764571
21.561975521500827
97.8121115596289
6.976855556026769
9.67954916490747
7.28383168889991
1.6494734936551296
9.191758060934701
10.210167458397034
14.71621294610201
21.702678292020096
55.90628216578234
6.345968711790302
31.450590574167112
8.29636145393775
15.58659197772914
14.147206761809592
56.7623422999148
127.38381476675247
17.730626790575986
93.66111268178769
17.221876859490763
3.810247878797313
5.967881718251604
24.16030902685803
8.208204808583691
3.530049233459363
205.7170598718302
11.344767725567193
74.33198097113045
9.4652654700856
1.7176615523807768
12.829072666995797
55.5362455731804
22.086016405597864
14.743779941340769
16.675301163234327
44.77847749932055
21.15678401619137
7.171621204835812
25.344914940846834
97.36103159645386
41.40335320936775
26.261565191633295
27.38795132109436
32.790134674184046
12.37305923232074
17.993336530834505
20.935748167486427
6.5563218709993345
31.78078949303117
15.270116313788565
13.813435634003579
13.496177370834152
5.292401024514857
21.08740701387881
27.61314505138216
69.98592910034613
7.641493696408615
3.879229463317532
5.297203814082061
89.11332328970444
7.317982516475723
55.02566208994643
10.659779976300502
33.58373658432446
6.2786290258824
7.171081935732684
4.932736409812929
1.8638444821658
48.8793872676722
14.561004219437528
41.37700143231995
11.838914131337006
36.443631204091744
5.93332508144215
12.682569027430143
10.78965373720591
3.2366657227509785
16.453157595295053
100.06431894429844
15.55489770454134
41.771373424113214
7.352676157563977
17.1819502580185
5.282588509606769
47.72569750259808
2.9502829376948223
8.85570098572646
6.208183471155278
64.74863940163773
153.58179717368824
31.660617692043825
9.118765210114889
18.15994452052508
59.54664293263468
44.83177598816377
5.641756768266327
40.3900761231177
16.90051289012674
25.094403326673092
30.654036548848698
55.13231388967316
26.42602958358914
21.874804890134143
21.034291495966674
88.88151829128917
26.406928853892822
23.08443950292482
66.11768078704286
37.53238582012483
12.335826798444957
78.81130021250756
9.296313059595319
11.052125559585063
26.75740836230561
29.428708714416615
34.82240373124311
52.1885453162255
12.41703362035717
15.401018749526234
11.617608075499515
11.0484157067507
43.92476147749526
18.434844079719277
57.457493358758924
18.385528035186272
66.22653081125414
2.3096263532508425
50.11191670595102
10.686367088300537
87.64970016178384
17.995808328555622
221.3962084876168
18.934340570627683
37.16791068704958
2.4857999526083447
23.705339598167708
27.20490293934796
5.026934915629205
23.874967195638142
40.457597670866505
21.857589126582255
6.4017487487397355
16.830876769306613
8.931315602726979
3.2821099321942135
27.619752942515802
104.09518011625654
4.487902968808072
165.95940823678114
9.172150021892033
12.795898088050802
20.035977074529157
3.4264111975686826
43.04508124609436
15.123445382024816
32.04172446086845
19.24610277209518
7.516361240534273
78.69278994702455
10.930082202141545
9.920236345352814
3.493916170841269
10.409241619625217
11.143952338773607
2.9391991702953026
34.03597536242681
15.53283696367417
15.407711451464495
120.43990353780444
26.458402071023002
40.06561318300744
16.44706893461274
91.62262103264912
7.11194989532011
22.069927415332888
67.99955805672106
51.50126661164699
15.28964193532282
22.314609955420124
89.02380410268071
16.186563992679847
63.88113331383328
9.113463608450239
37.20507103994082
19.139546732058744
5.1611360856588995
99.29572728131
5.129934876374064
7.908913536866242
4.147683382430565
9.103167176491176
125.95567062585955
88.87743163102499
13.353665589318608
32.86088785598547
165.76576001269981
23.277483845151213
13.406070314798786
29.969166517339815
3.1820558832348196
27.990242469572106
20.536382657929014
27.001394597978386
19.31459816512403
12.640720762961143
24.409669620393775
4.87280800241355
4.3528598961573755
26.88984375048945
108.12014908370121
2.757659031215242
146.27769950249535
13.627434231919931
30.26746855381043
72.39008185447638
11.50398736656988
7.41134078454496
17.765487733690115
54.0657968662122
13.800167115529298
50.93861668964467
12.651438848319632
11.238519236355435
12.996190891045165
148.57521988357797
19.300984733444732
3.4243045672225794
54.92807812890143
11.872333667651375
52.653173305331094
0.9952398307488522
30.00066129792413
14.679026881825184
8.981267833933545
10.347997376254765
76.07447231411075
85.14990595364111
12.043417837468093
20.46268262779969
11.224110101600175
4.927601361135511
32.108585687374024
17.167937677638392
72.42807624734117
4.194822926597276
16.204226922540798
407.46826763696976
114.65481513109742
27.998125849005152
4.893153997018844
29.77078460339806
9.826048004934806
17.48391085623139
7.022418935142754
8.571343188706956
32.247119115504454
8.151235438416277
65.0357147905554
20.52432516189859
20.255499295572797
18.730926730246217
5.992651272282079
63.276612105312154
27.934541888069845
5.663467338239796
36.45057379902077
8.01391708996879
13.14392792236007
16.37436122666621
15.680293264370162
157.69114158636395
132.97805452781893
56.208467929619985
1.3940741798492848
26.222321413783817
33.90193618019004
3.171452643153318
38.01960247908987
17.18359359354495
18.588910394605602
19.33506831795726
5.857446156339849
49.42228043643444
137.72345063578172
34.7425282072309
11.137886197825763
67.97484779291145
73.2904459555878
36.02522076526027
8.640150054666593
22.778315972933385
66.49650283214527
16.113998835493195
45.893039767923206
51.12966834945515
5.890781256312249
6.392526273304023
80.38479457712944
18.943479024697684
29.818760730390586
35.38212735327029
17.88713939203162
66.74498751606104
7.810659206865297
4.8152403174338225
26.281967681153013
17.988636961435144
6.727116809653742
3.910274427287209
13.219606364648762
13.893601974137407
30.38933435341055
97.45389640389585
8.281536011602086
33.32812931500574
16.27368373854825
2.311675534495021
15.33672458414433
53.96947169884551
26.091439326675673
44.25779262933412
11.083743679168927
10.281883640695058
21.55408777587595
11.930570861544258
49.630680665505565
29.13675631837156
87.81986025528003
4.571172006226353
32.094783405326936
9.038192978914388
38.30559947237496
14.027966673184197
35.13469211359715
28.859715685438292
5.946605184995714
16.988842155340144
32.87326645037452
15.688548435518777
9.640410426027238
173.62793971165107
38.14242620665186
30.79978320021191
6.11181484037785
34.81169901293182
34.30184705424328
26.57186208906457
105.85422095213863
32.83758702784304
94.18471244415359
13.96517986839253
15.813477167898656
3.58587771590015
61.716329574122156
17.967790083163795
15.30303901891858
24.058856552189663
3.4594985415978683
80.93203146078237
15.535092773543642
7.645133086223313
27.249531153485744
91.55523889750846
39.87479819496565
8.550024515966427
87.75227835906358
10.597802003100798
10.098976690998974
29.88323713494606
13.512917022826642
136.2913333318878
45.94114140129088
61.24116081163568
14.48787253426571
59.65432564677864
40.59740053950116
69.41220304840891
13.452446541881097
8.420052781341106
143.79604853705285
14.09418102896335
288.77050057256525
1.6249451811636302
31.82573160759858
4.8911462301842965
52.31792338294036
45.87905092293128
0.9846077539849625
5.279658985308501
25.682177233557482
9.844604597640366
41.84636735030393
46.958167009595996
35.10620064859724
26.938172403010668
8.457622123654708
34.96435665102742
10.864603017731703
18.40432031875208
11.019479134211817
32.65402378796177
8.396565247091479
157.15862079977657
2.6336520206891856
57.415729073530926
11.253014223873798
49.8145595646528
28.814428936901095
15.850037122648956
25.64163011352525
35.31102135495285
5.086897132298988
6.72907739502981
11.322799629469964
19.452788627957325
136.5451712796986
7.705076091327698
20.05161324600418
24.25299407254365
22.19863670606648
59.01552342188049
90.26821804660959
4.358641375393952
19.607991613387927
30.502797623615898
140.7524267259804
7.719545028507566
21.754770021506687
11.927101999360636
35.5287290200928
15.107156277882746
150.0579444758631
23.394976092743207
20.166957438803284
40.307257384434415
82.64621382327512
4.291050670852622
38.98531570888236
7.203023696456537
22.370338378134594
23.189035871628313
8.05797375619222
4.682736746215363
31.59506170465596
6.217463430329697
52.10361374727513
10.751741097320902
22.38943662600621
19.669624126719523
5.952495217011434
25.2200547422331
23.43385137654284
37.10232415926819
2.716549349095614
9.39595197271053
31.54762104287839
31.418145235922573
26.628299391658707
48.94047276215501
13.803527860745563
36.34173155605088
78.64960809031456
11.664695656650581
18.49429041729462
10.530849179309142
10.355320043904811
4.63450148939708
45.59753189913579
34.50960992894082
13.439884918784843
14.137637540709548
24.848918120384116
25.35937995844767
18.17987023774739
23.2975010512775
24.302560844647648
20.787741807414715
20.447732278932058
20.993016074359616
8.196847673589996
31.86932114208817
11.794288125025608
72.2570566181057
26.67775441994761
19.930623163589416
2.758215518889479
33.6760827691349
42.06755952800609
114.91370349568456
15.925639916127853
11.129057387541518
6.96386825464143
5.022135515529132
27.858007555239375
59.594264356248004
46.85840888836623
38.386721959128785
21.03932411734321
5.977651870168553
46.21958582247458
24.36789371168977
15.68226419319535
31.59127756932273
19.988394905257998
20.3363294951195
14.75303285225755
7.570065576643851
8.855888415886103
18.792883123382172
45.8671005503454
2.3653907289646874
10.136300334507181
20.155237633357142
31.44517088173467
2.667161845010644
13.69268561806529
44.65563183415168
45.49313730907357
24.318438039313083
14.573449959039603
45.05893544747634
11.130084837224004
57.48078997488027
88.55297739779387
6.5871871060286304
14.788683455166808
31.311515473075342
26.152358330034176
7.653002121569923
17.80102669619811
6.853366146355476
29.761564995814286
2.8897144741236516
2.59074435074204
45.05450284887681
53.490477602475785
8.071011140601021
27.923263245346895
5.389305609246017
65.16670781816536
7.012216610030981
136.35079628751197
40.90833668248445
12.520553329699768
18.4801131650676
25.33205622137206
11.783502040901714
27.464744949051344
184.4505217045914
22.694933744520842
35.24415911105525
20.405228891223747
20.175941659737774
42.9557024402964
21.51424283567204
17.22731601361254
16.650198289009726
17.292113410716492
52.680367942021654
19.13739953001372
77.9342506500238
15.331968159213847
35.0981934175341
19.699553499892904
20.110391927556858
17.246674493643123
6.034812082949372
12.292401225540702
40.125516892558174
59.06743788920278
31.68594561207635
30.54195118610744
25.616164579824797
5.958913826832316
31.750642496498333
32.78782727359049
33.675710936448475
36.6065511880379
6.294410323090056
3.4862872821844
138.1465189506279
3.432984970909335
126.78504343238552
11.772545764033092
9.955886384187666
22.873450141278944
43.6889342746879
7.277660420251217
30.668970413456517
10.789815457885389
251.93633837453172
112.75320964472704
26.635699365735896
22.26990320592522
15.426302112850657
100.47448363091695
63.19362194672706
23.10090547949776
122.62535638001212
18.294033939299812
38.518347720261545
62.17367443751525
114.67582805802336
6.855635141279442
6.877781235077719
16.56563093336591
51.610940769452256
10.172461454248937
11.20420153278583
12.088837509001186
14.556288572649294
11.281148276785732
6.200254466668537
3.6054143133965924
4.925834951459117
17.826187222073912
9.714783989384522
38.48749128796318
16.479258727585268
22.322316001493444
11.500247214195987
5.670526882167585
41.943686834027574
22.018381588836814
16.368846490186016
37.69533132560473
3.1292926418578344
3.7317612733318204
54.90063386382881
4.992533955553624
5.465166632817799
48.87783051280933
6.974935353011758
6.3090711880456745
16.45179842416574
5.928159875786973
7.6538658190074855
5.905084048424094
27.983414476824617
15.58779638530992
23.796364960390484
11.040538945701806
68.84622197564724
248.02300274926577
31.818087773649186
79.63524606996236
24.276944214599073
12.031542386759767
14.388620714647121
8.189000624666026
13.26722675577616
26.238781302793463
42.79477642966321
13.312575733949235
22.480735589232463
13.954941876644288
1.9390538769755588
59.71342193620637
43.887474230159675
27.344031331093092
111.57359836234106
15.703967459543604
25.570573365204062
7.713297081948406
45.135987540208426
15.865265621822811
13.58031496731904
5.319688432768873
23.97859023547016
11.56455866985472
13.84214711678491
7.286100261232028
22.706956355312453
27.059168067490063
18.082516294778298
10.357762476849443
7.7918882040798305
11.564217466355855
484.12051729554764
9.947204369394889
50.33376587066889
27.168485361301407
3.4535713205558562
14.008480613393438
26.75196318870959
115.94381847557256
27.124816174856644
10.660305239957268
13.912234952677334
112.08626160899382
42.3163966805596
2.475078344130256
24.836539830513374
23.520006641199164
13.340689546861565
5.30561151441957
13.796564265471229
8.397197436822573
13.237261668037565
17.546403283625352
8.873769828445365
21.141694996540966
4.983866325191818
6.932467425187546
9.892975029380713
49.88871717309727
3.538717194992552
5.7727512944123145
77.46958610091897
33.392661897652886
146.51044882523954
16.66859896957584
110.92952235199415
102.38614191784662
16.24778015577326
5.285485308417732
14.07121463300211
11.018055104328552
55.68616652057699
14.600341934969956
11.745670661352134
13.855167749844428
20.27614928113702
7.647836957603756
9.52892263048567
8.50197561852498
20.65967268760359
6.10734613054153
18.589181657378237
18.504335269518158
6.658921874974236
127.24283664815381
105.40598531840324
80.97998934447585
19.672765335127192
92.58120058606289
17.124086514606383
13.039449969434415
2.6535136794237197
24.200005450216157
10.917148942859763
23.0023343335643
4.9107131427716135
46.04412234124244
3.4786925360018404
24.455143431257618
27.621785152227144
37.428436005739705
15.905460482334522
16.312497886261692
17.020673659949654
50.11380879937471
15.598009773835617
8.497168504223387
7.210578766059881
7.8412661460870545
21.739151449685195
50.92159730049283
4.299918783109851
5.71790262622943
38.02014618376873
37.46712000884269
12.132509406528705
10.600867834123296
44.92096931670344
24.10676513967079
27.15596838887048
12.11792734375269
56.34202538515053
44.79089039364924
9.383387138459454
4.974334866238145
7.743314380545002
33.830023828081906
26.386068039545997
65.04369115529498
44.31956036962433
41.85307292912277
6.720133324333195
64.55223548654615
17.93496699906303
19.480646016693814
20.45457796331389
2.9108856970761576
16.762875871894053
50.75217803718733
90.74048742841626
18.979009944271098
30.411025319644605
170.3983087474088
13.468199953566872
47.30426479920073
28.67986289977526
35.39737073237725
2.5875225360541667
30.005228964942123
15.534268345503287
45.492362041769866
124.68807434646097
40.12650570574261
23.891458754036684
27.13893054476152
14.928655107257843
4.968371185572024
20.340276459813573
28.799891174925772
34.99400407224319
1.744940636910094
52.68147986473285
12.108492803994626
7.238850497759344
4.062776524356028
43.43390030674397
11.477606782997654
58.620489301211066
27.541875205594508
6.688151268330261
2.623522780716869
282.7252111177546
41.40996109941824
17.960660951223314
32.933233338899335
61.530086482863005
44.569828037342205
10.973179995940562
2.2952058812087817
10.6509861819777
28.83777907486272
17.241024760264203
7.965489982590278
6.962471999993156
6.1704255809836095
2.7263492487394814
97.88166806502203
6.88051355293058
6.666517902208496
7.438460804966661
6.13889263517026
10.996238263378718
4.561153067322748
105.48646348416227
3.192527538062446
10.107447825873983
66.74688008320538
8.555549725501761
18.529946288774298
4.747157630377493
13.037267039862286
19.235088854796743
7.47510986737552
11.490710324556355
5.510699191903686
5.264080447876256
20.849830925620566
64.58533225191985
19.422808585875895
13.393999488404427
98.34289505120435
32.67332765731205
8.911481467374307
8.264930600850812
13.51482670301701
148.82141600048044
13.41653213277261
6.106834598583171
78.19646938985643
40.57735750583052
31.014412518702162
8.18296784595603
35.35248356244025
29.340214921392302
12.680477664185585
10.039677737381618
28.359971704177166
24.21545981289092
12.01100260822732
33.366947640287535
41.66709217226699
9.016309312640885
18.90932248544867
32.29397624715069
37.522768015385886
17.804528305444318
23.647037945964037
28.84339613018417
4.344214187506701
15.57753819846608
9.870638060313127
1.5423297065703718
14.152987829553519
18.8066160106483
4.597242959039828
9.415404699871424
11.87374587605023
28.89953462528507
72.05165894669915
79.18658459878216
17.942898723768895
6.679108828699152
21.06250239512994
4.720134869133879
12.596152744900355
161.19453849477267
30.237122223734588
14.02943667988696
11.959928045557131
33.07597101472151
2.5228742038249257
16.73899184828196
111.06947244848925
39.4483989416433
8.429376475642691
60.895457935182094
21.429108163515384
3.6496949131145757
47.681467535132285
14.994804136995468
35.53814731476514
16.806615834633917
54.609297022339625
54.72268836328483
8.191915369671753
76.89647983419876
8.463018864872463
9.229749967885159
15.52671482596713
34.58614547777698
10.86713476543205
28.141925136664412
9.874657457329233
123.94475381513395
62.71581322452678
74.91407811340191
19.2470709396193
39.75359967953004
27.280262078219362
215.56140767987938
12.526272645840299
12.415361449625312
17.37250717496826
12.879492844585581
27.916191012295663
9.398706638521249
77.15734895106993
7.176985169355268
26.44645547812338
28.70375957782059
23.189110655833495
20.44739030761021
10.992126631724634
1.2612224662199003
3.0045025036499102
94.62903441294169
49.22818487787631
26.21710113079187
132.95352067966414
182.47705975830254
46.57383304417719
10.810832889788278
24.89806681571482
106.22675034604124
40.73197604250582
11.404492134625846
29.036994793210006
64.30294029356621
12.080252465028892
79.73820077853286
2.172132808707994
12.413412730657587
19.368916756769178
9.267229498184266
34.90888254490017
7.2487579771512385
5.977941983715402
14.860164398330186
19.071054144400843
79.35287229958722
47.040474291806035
30.528108460401274
13.449472518285905
5.340861952165409
18.26134687659728
13.560362726223904
41.68762024173189
118.4468135551179
14.896543409326403
10.62222433268165
27.44607312717849
12.020445403395179
1.6992749177402589
23.293372204462454
4.802871035828041
11.242780886053076
29.962856652223646
10.323147281036904
9.813471031221574
64.1952379760861
2.1171912100626846
21.07375350740682
113.28469797980809
27.904827658509923
42.72186492817716
5.98695956200989
5.908064398937516
4.774836617387654
42.51508830215655
24.240667806673027
36.01703454002314
17.574279551341636
13.185395563916702
45.401330061465394
38.95817855050508
93.74176443029683
11.790418565218111
10.842079012147412
198.3395219075569
31.479950750222535
15.848345563828277
24.741634824922926
30.36336780541713
4.700069003223208
6.816563580315827
28.348563632383627
34.64364722910682
12.59970979548182
6.972971838068906
2.0673790136357817
2.9861588824269742
5.336439107665351
35.60409797077761
10.952416124893714
22.82404694608853
167.0283117952202
12.508428729870781
19.257561546488837
9.677737604078356
53.128016951909565
9.15132977374895
9.426176000138959
7.485128929732906
39.82850361828663
13.301418600312667
10.803541975383942
67.2185030899005
11.242839890163674
9.272617921459764
34.76206479658501
26.279954313053544
171.636230644665
10.775409061443082
9.815882111294458
7.243199652178596
37.15664842681447
17.35581259883537
287.41920902416155
31.333469028651947
41.5130302382745
38.39538232471441
8.516786548810108
16.43319434610213
8.357428941446342
6.872984296992091
27.808151716809228
7.975572889040195
89.81857962396569
22.48640066950072
1.936398663458243
36.74176099841672
14.594695790097619
5.099355319304987
9.533850952245707
28.192082100734794
8.28546933277902
7.025081136497697
10.738801317188399
16.17512093426101
33.21966811260076
11.125560836099458
93.40961363431873
11.626542487523094
8.096886610531575
38.745606122264945
4.0479374567031785
13.444146024671085
9.686963179346947
8.153840213809831
32.5189970818633
26.23823912451378
29.782370064304615
15.161352974485235
13.107520215662557
29.15053186933163
40.64789148230523
102.92543200215634
71.4633079860885
17.805337940937815
16.697820875171594
5.890576231408814
16.616361252690883
75.99351009637287
5.853846727252537
38.58026258050682
38.64196681508534
65.08063860812724
86.76654422946972
10.281724157915248
2.5388067405541728
7.6135170634889
20.135980844143727
21.903038939172443
49.77512717003283
5.261839067825989
5.266823633537212
6.432697216633749
24.805361822000414
6.366586589785375
25.768112878703924
27.252307340964588
6.075873968920179
10.498392933417808
87.71704262987328
27.817326027668305
13.700534585912822
26.93140876622016
3.304455471954672
75.9562472692391
6.489256738720915
16.800134750330397
5.832576280136409
18.206163528032715
7.111273258491565
5.4999702868403135
7.6151820585170995
4.885538636426281
13.311978034198708
55.70443994544551
5.090755488947815
68.81181715907393
12.021396350965498
72.31050107940096
14.108936087304071
39.867131365824186
7.223614765751845
37.32104199851158
73.39942274414476
18.725252327016666
20.234171262688978
4.704810347359884
5.387778066081967
15.60373368892431
64.2991384876958
35.697570252980455
5.8409722194894655
33.820468289434764
42.76087703025493
6.518267327767378
104.59970737995282
13.973772731372502
28.643324466751068
21.343455146161563
87.62627973719775
50.79175888729613
25.04889864963201
38.523714952027355
21.515636552476433
14.98426412334522
2.5691687628670166
43.59338126630018
12.058362652750821
18.741614305238663
139.9276601842902
19.1149318808582
25.075829904927414
12.188186487166952
18.464332541514487
18.549615014668262
48.02012366475884
15.63631355255068
25.270238532835112
6.581474227222373
32.38590026579439
8.806147048231985
18.00136447671088
118.90086884512293
2.815787491758375
17.125014152834797
135.12170983854583
11.30057118128758
9.78219800950588
19.266103779290418
12.483271011810976
28.861711464537933
33.053618003875414
117.53026075258192
4.496196787202481
12.511455975091444
15.072234306403606
2.805673186059041
52.569838848608995
72.21302806396999
18.767178041905385
3.437734052189973
13.303523114481553
26.785080110054405
24.071400455091915
2.7622056283054532
18.61925874187647
35.76324468284244
7.464219497828787
16.748725939422638
8.0044794495996
26.63791766181466
66.10322106651746
13.80084567445853
10.174692070809382
47.98753586153123
28.649835652201702
3.9320119060069953
6.094381336516833
21.425499130056117
9.347016839814318
64.18455666110725
53.69686945439696
1.5285420142333082
10.862142707871978
28.714284571246637
7.933680671958212
22.405088427756446
26.795035463930002
21.069250934934516
41.081473187677965
20.780615147402795
7.7832891547098555
8.222036151412073
4.8255832159756356
8.987102376132627
11.844553890110333
142.6638104658341
54.12784927290339
9.607236433133991
20.009285759700706
68.87862956379224
2.587252153031259
12.005503321785095
11.767403658617402
9.096442315115612
9.589025132729681
19.75859474021844
148.21795613082048
77.68445072415416
9.526210075356868
5.450673446958648
37.23447323399953
61.142391717397494
17.841654510435603
21.46818210969175
2.2257013598074824
41.2645642494192
4.1935747954606715
30.04297319270931
19.560542626953026
18.58069569388711
19.845642041475312
9.722795010899087
59.32261077776992
3.59454929642183
8.462380457421007
118.50982309857424
4.500285527350616
26.061969449745128
44.78851277197588
6.142293709636514
31.80007065845625
39.725940342001564
28.714278512631402
44.02216084754651
15.417105277115429
10.165144323172056
16.529512932012267
52.34336935763704
12.654304632468836
46.08270812829951
19.089237411732693
15.85089878010917
17.211726612562853
113.29879844700761
7.120896852470579
30.39594314925926
20.737256156456265
1.0754431648619902
5.398630474812796
12.580074428724604
8.888412152408767
9.547121688246904
5.832655927756011
22.706847030426733
41.822544340360345
13.580176375895954
12.375761014197929
54.4253455810068
29.411338305559326
4.698133830882891
4.154623591720349
22.78598321846417
5.7700753059692635
50.574703414602915
36.703710195314684
13.264742018494454
16.114813842973074
6.712324682786065
10.327221087472074
4.351712547699247
9.973370362562774
75.39862383148818
3.4571270816732667
11.190222852874536
7.180503378463589
17.632151608456372
20.90203657075378
76.1281341182965
3.6989292255610127
43.5997635027774
88.51812965120718
27.426900922898103
10.954872748287688
8.26113455107065
30.019641415858633
16.662521492552084
17.763104525152688
41.74128163208573
120.58486615411493
17.605819618374465
14.763168471689362
43.47892882499533
20.300511896604217
35.58909626510223
21.648329464583096
7.390056875662528
12.855897353737808
413.9940268158142
177.46578246044868
74.96215796874627
15.2977502075479
218.9640796385319
15.505724958136419
11.271195106393176
12.427569542205541
3.6981876784797043
15.341288009629555
8.193387241356346
40.87138908620511
30.233713670850253
21.796844878783734
7.109149952100531
26.957492536539032
54.41807617096238
15.51840129129304
14.491366404519855
66.2810135203585
16.32786287152771
14.258693549782286
3.8219415680809274
47.753004156266016
12.663380540477288
39.811589810415654
23.47976202323222
12.757129847710166
24.572983969138445
18.51219170629643
3.2492320164477
52.35750171945872
92.30738900552865
6.565181388446238
12.693379721136322
17.194114110927366
5.240180743805156
11.949940657298514
46.224443153137884
7.391332384017572
48.46349784001114
24.98075906603746
15.781735065929539
6.910895743412737
66.01458183606876
4.238129620022367
29.30527646402827
24.148261951516407
10.319960201320496
17.965363034201765
4.6340461943753795
19.91684180141725
4.996539524520495
14.204516784555766
55.58671230656917
8.390107294088185
9.767385245594404
4.19316279274334
31.98156988155268
7.730511492238641
96.41680536633848
150.90470675419076
12.715768542630656
56.688870806698624
84.29484397351588
38.03974874399686
23.535795527874885
1.2125920434685458
20.704244593644503
14.900198767452915
24.3359956248341
46.28455599036234
19.57536695705786
22.48052527129785
6.652040211304205
45.33756050368836
45.06361921561276
7.417080260295994
14.56965022260934
13.397491912244277
7.779121474998756
23.967004091214058
33.545138368320636
14.214187617751687
10.285255106836416
12.414153166012387
57.43241340834605
17.104006525166536
60.051437980859156
70.57824111671293
15.598155600477028
6.376031159950254
14.621739287540425
35.23061546590008
48.572256876750615
15.504002228464774
56.24100880312231
18.52639433068688
22.209934682464166
72.7174848464334
36.89801222523038
128.469091929003
70.7297728388867
19.850170811323594
21.063411763023677
88.56460132233724
17.860993733879432
60.54585161369279
20.498060163558957
21.704844209487895
14.316426431656664
20.075919659789253
17.299946911958745
4.358107245997617
4.3628501398809805
28.84081824970432
133.2815287775776
24.560317989735644
5.966306046055967
57.756132900472934
13.018737706590938
35.8375823652864
9.779630419634952
5.325943431623762
27.429342216529115
24.379209912817306
56.14795407749263
6.195892147566116
29.016430987795005
76.8104178061562
14.203900180594648
6.902176327420971
67.38193534276945
9.02526294916448
150.25087763284196
40.811251712394565
17.220736364836895
102.2559535351767
77.20763547431798
18.836563718194522
11.250656184588859
102.22065710733519
9.214708005366269
14.245947607978565
25.344585674802165
75.96251667995016
20.403628675533085
8.941363987075414
18.008121715223066
60.72306036482217
61.33869335969107
4.433398262254589
7.309443834019396
54.173629706726445
9.315078552407444
12.22344257447943
5.927882923539996
25.193602010802014
30.837265973745122
28.06874187001778
54.34553109250116
25.338312807160282
15.253955643468077
16.598942130140976
18.052326368314517
15.711016262391853
23.45930597816565
87.66932522236631
124.61726302850364
18.19644057895704
58.073937397931864
27.429921577981585
15.241687436256996
12.925179535686658
43.699383434310846
8.523627608359753
30.9770548935706
9.62053124195904
4.6081986582761365
10.212379592795568
30.639393493482558
51.24376730876363
9.02728110918748
13.835251765053208
40.492435038205
10.395558465417002
65.94606938830978
8.85581374941554
14.266488986532787
28.625630687565977
24.724766878703278
101.68285391343532
18.50410796840097
20.04130691652685
4.990304838452871
6.643874739518428
177.37956715653488
28.09456437221179
38.649164620021644
16.485415407763348
26.835557028068507
8.005103049882331
17.901921108993083
42.834660135914085
10.771580420975695
4.6681298123455965
41.76414300201712
29.500820928581696
69.27137118124757
31.01048983498717
156.47216477302416
29.847584815519806
11.359391718546417
8.120960579018556
187.49873684500042
18.161428660582835
25.334591997668472
23.06294037140732
10.891170877966054
142.99044240599812
33.484406065578
1.390353629201033
8.19865988025531
18.54164268307818
66.92881385961536
111.20092485635185
14.055698784786843
44.57642031138714
9.03645973778201
7.030688458607528
6.9048162256054875
105.15657155507164
55.530489702276164
6.571259470077881
98.46803798980612
9.94640217694396
56.907993089094944
13.599434057385125
20.836109140783957
40.30045162236695
501.40392046367003
22.008292589182084
16.70014203075283
3.9547178123674387
31.62636165450386
11.219212019030508
40.522129143285085
40.54160370732587
18.42811560376751
12.311341183349484
24.947508764021673
13.823641334867014
8.2567065067956
51.668836874394856
21.619957381203374
19.456898748851245
29.791785007184615
40.40037044993349
68.3883411985978
19.750955245542368
37.13633043006083
65.33260870551327
18.692944964789138
63.980003341245094
8.644059290110285
1.6576079702258837
2.4129056800895734
61.116779155613855
54.95902056762712
33.035194695378664
523.9001391936966
14.023740339055085
27.66233063962484
35.05989307119617
57.36121551065295
34.17513383982388
225.63410631332644
5.355387368733057
9.95276190556443
22.200362830540268
30.69976362383382
33.89809577742362
22.870647134400016
8.406897490671685
5.997096238762344
22.676251950676498
5.275019611952707
33.89836543180508
34.98956350079702
30.14554232739249
12.22937862328892
20.340879033712433
76.81444477603775
17.82304216555097
33.282030990107856
53.521434846273436
53.71195263429699
61.948224946012516
9.682246671465117
7.7329910529757795
20.590474641007614
63.20995287482122
18.78794314476931
24.609612492040306
27.056150890630274
10.116735400304993
95.23552931182934
57.405443028265665
9.723834141275633
35.235363958982894
50.953196423712555
38.33252742344071
9.543152566735102
5.681873787186714
13.676390672231035
25.34074345260368
6.5700700759182915
15.50774362142403
42.11746799029497
46.96635764401619
16.92393019881253
11.590285731922476
165.2160989054763
15.259420590658426
21.108291441912733
5.556424165405425
9.178358694497057
28.166380624021155
5.568464178542056
48.62477814512445
43.218990566489424
13.02131887983961
19.485179404484036
5.145759461368987
11.414020887542865
34.854608793731735
17.855905271821626
27.10909679661915
56.754465074983656
28.999768319481408
50.41899388669856
20.771795743196144
4.554752631016025
13.652033524479284
18.72625684227988
10.516089646171151
44.5804001113212
96.95587690273939
19.214759362340384
76.69056625017393
8.411227141055077
46.915199356763175
36.47663029829019
37.834033639656724
4.997001982635982
10.613663326631498
30.594211419374368
79.47598606963845
16.367736741451477
17.560858497577797
75.73357772867378
26.837046909234658
42.36761606845756
276.22393086453434
64.49552655309488
13.316948650655249
11.105350974352703
7.846116499450434
56.17659023071647
20.40392114491725
88.2433027187598
92.0199741686636
13.064961959168542
16.65135531458057
56.26513473898979
24.396015569021966
28.850517369215144
20.497060863646233
8.977836364520304
4.911062654445526
111.40350442014925
8.698585530833077
75.25738304530208
7.369833150236426
30.687063794915144
42.33558027640421
33.5231021093592
28.044971477072313
30.26444345101147
12.269070860013066
44.717673040558736
14.515626311103253
33.096659880584475
14.44680257357403
13.659713388542269
21.102388489311014
5.223705371752818
177.54892778668864
9.719632456920696
38.46288752525451
33.242146619034735
21.078780799942145
37.294475690533844
11.44860540703624
22.015462819462932
84.20759563920795
32.68037935022549
11.359061708168241
15.134752140792498
5.2929493609708
17.69707135687177
80.61208925924252
42.385741402723475
19.16858714185293
15.774684127993408
20.441257508477946
54.61446560400599
20.207652355880885
3.8657766181548414
12.825890932766006
19.133482757412306
36.42247658118108
24.16925516124103
32.616355069005834
20.1185408682364
24.59376626500137
22.22623830047421
3.070215079214592
18.353642940074053
96.30607283322965
43.52402891106252
55.50192337395438
6.745380180583778
37.91457602322021
22.221896879710787
12.590695134761262
19.248317506839577
30.403754801178547
54.22230800439125
8.123422067413289
69.66471275954237
12.049710751669338
13.745764999555098
34.30204735773053
6.7710512371550795
24.705161074891418
20.604153998509155
14.381534308885294
6.693258404028808
13.287007291343931
55.35660512008062
26.36902422708688
3.064002168289601
7.1004991866933045
25.107715428880056
56.638411400477885
164.60339785739706
23.239848816330092
24.54583495705418
6.742420042659561
34.44859797191633
7.660949934105889
29.27040938437717
7.967077667718522
6.471182808332128
18.433851774550583
18.532032689318836
30.486217498519917
55.77734037847601
4.988575352720494
45.357331360895934
36.068181664970986
6.426712186581047
12.55267558905264
28.419552349718813
14.673975986444123
17.49755507500886
89.51327205965153
176.2843508230187
37.99123826418227
20.029477688610697
1.7745586705069463
50.404377853113665
154.10745178741806
8.273504198039674
19.290732191912188
26.03006196905418
11.19005911558392
34.96034035037153
5.228420644964624
10.592157098147567
28.33207166447432
38.361951783777066
35.230174944041835
53.582299381592435
170.11756996026367
12.378962443631636
30.335312299096582
16.82203376538592
3.7551904110425385
10.712005815470834
16.918184205358656
6.887556705572871
1.0704158459376125
80.13891500572939
9.245950304050638
34.3368515880702
135.3610935690294
13.599922713287956
15.563847297812522
15.562005745485378
34.188516004316504
64.70501281106999
31.513321297272846
26.2159516559453
30.041674876303997
35.55803570734979
2.01903164683625
17.55443217185018
33.99988351480959
20.731555949198288
19.667025299327992
9.289480890226152
71.98381006653182
1.794744608479062
76.09620074685137
7.1808745340422275
23.03598456706709
19.134253971360085
14.561294490609018
4.126786720916329
5.067218540596567
8.235842928098606
25.254493569559003
3.9524544903822383
5.004871791793111
5.330801529645922
8.569893429236576
18.339222668211313
48.27587521281241
65.57942737161572
8.797924948305848
71.79223709276316
27.913676927647213
84.71014549988632
24.962722388662744
13.171781951736357
8.15799775375789
8.710789951461587
14.861752569925684
4.229040588765083
16.494597231955208
1.979575829871811
32.491754893088135
46.023288061772135
4.516202140931546
4.42376426695644
258.3010439216089
6.630986117614369
3.5405063890983475
11.930491014642275
6.235868141257215
65.79713539319044
55.842637445738575
27.110258578714134
93.15617912386551
23.45410256971538
13.81408733634714
50.75034593506217
104.15334671328334
46.11715214989219
1.2318836003832165
53.74251153002336
7.337425442853918
40.65437730104317
27.840827471800303
11.098437810550054
76.58388346746966
93.62758521796106
6.639762686645864
1.8947098922407979
3.8040523387212697
62.33212331346747
1.7098792959664704
20.72295432524026
12.501787367449163
3.9482909068551133
31.185780734588125
21.860030578510642
15.424802686336555
18.377573297285103
8.081415240639075
15.409445153243299
10.12279472252209
69.4931093872467
1.9855675005154068
55.28707321201016
20.349139549780674
18.588883477167055
22.433143269290902
9.235173947959069
7.244095404763425
123.1442929716958
43.877164614537925
76.62625980668264
29.166385274887904
9.241642611406078
34.798647145661725
45.957261875341786
11.040438065009841
11.967730972985088
6.993091241363351
18.644442995704143
58.60421946607333
80.23217796734691
40.507219234081134
1.8994815756770853
16.205171187225055
10.94747473591198
35.81986672301643
54.28549447567467
6.868416881343402
10.851013773727953
124.75794628101927
57.26276145523875
19.485333811041805
51.04173654460641
9.934105201782344
9.066088956201337
11.363821632602988
61.28271868281402
5.955415025051455
57.96498870570083
12.297687400054242
24.553472743893455
19.734194973651803
20.02889547106106
27.347705306215822
23.067109071276324
83.16439683619664
21.716896656419134
1.071036761423266
11.90267466237816
7.402804532579303
8.111106143008978
76.65559413525662
22.902384730867652
157.94010098590047
116.49873461870318
46.45965318259002
13.406119949385234
24.688510200559808
10.90064843670352
25.049361139052692
14.156207035257362
68.1355622213439
51.31099567162512
28.13431657310471
6.699719353017998
31.010695328419327
44.402850010212745
2.387342118997483
33.25637205510163
23.525083117360825
5.18672850554883
122.75366767409949
53.77313667830128
49.26890863232232
38.91835150802442
19.96390446150419
1.379697854533155
27.387505851516885
30.300605654061542
29.4082418887023
39.173795899414316
335.75358048994445
34.20471191658534
27.520307615365017
6.427836286802307
22.78430944172192
70.25683633164984
27.101973281480106
56.0332203045102
10.977784630007077
66.67223099404116
9.73108021552307
24.019593543791103
9.327399339371123
500.1880229554086
4.411091552423754
8.002552335728
6.476662902254902
10.298616638154389
2.9899006300904167
31.51186928829906
8.465404412457703
24.289133002099085
31.7377771728694
146.51786092659702
22.747486693054466
24.17999935991712
6.455699472158829
27.546797974105104
4.0763062927211715
23.983992336887283
30.401124990691045
23.036012958193822
17.98960562509356
65.7715878690473
30.270693579170825
48.49512772075329
21.283120667510236
9.242497013395726
28.03520064311764
10.387244656249742
17.460141028675533
15.033850746059834
15.722362869518603
39.55473465409486
3.957470638141397
9.999163602195862
5.448251646714112
11.62765549471418
64.0284880548198
10.398083967103938
65.31510948784208
10.526396824755071
25.485715014166175
13.276132958056376
12.54368275710154
28.73989068573119
4.089842510761883
10.527886456308845
56.50923478424864
16.394328144591086
34.94479774502175
17.795732113048768
11.635685024494295
28.2159015990167
78.12652598217
21.767336368433735
21.637791278288788
18.245989296211476
180.09238001628128
33.33805086529528
15.072327727240475
12.36855282660705
11.65640286698609
2.2507607141330226
52.49094185943735
3.053404172620123
8.504586079386634
95.98136820973512
16.53585414685562
12.531973572807587
53.854619602968334
24.00958534044468
2.6988654423307086
8.961894598144406
14.505549082282332
11.511447073838669
5.233898795121538
17.824680633904
44.506961208713214
105.446897304857
5.126273954399511
22.030224491200016
14.397360095052498
3.2030678304058107
16.093289007401463
6.426777453672636
12.716966092937039
79.06211979282794
21.059602721495885
28.39383676114326
7.877483299800906
6.015126986672467
182.5415303919878
18.956333973622645
53.9957471435263
30.087728134959733
37.83289564414688
7.921478715043678
3.020368064695376
7.750196970615643
27.684765123580803
4.032531064600398
37.72494812354777
16.8612549198427
103.18573666486486
12.462391092094117
11.130449080282126
25.904628396317545
13.696505118018438
16.121668372921413
8.655834267224515
14.563916174727792
8.495173662295345
16.481605730068708
24.168898930955052
15.333825420624265
121.5747153045861
6.326452570452516
479.35037819323196
13.034191274194377
38.48035483459958
18.786818981197786
24.783202310340695
34.579779493154746
21.115955721880233
23.231555337898236
23.789872188575696
36.62833775594419
21.91820996762538
27.99119191107288
7.961720985379241
31.932227670053752
4.0205869392590445
45.70369893202474
24.467365193261223
29.79271454098421
8.746379271064676
26.56617066351476
5.143725339653379
8.601217405799064
15.923337557842109
51.8679963646732
5.727514653041914
3.7044741273771025
9.20344715473074
27.803971425700276
47.20620825246651
15.702027815539116
97.30311852876363
11.222843383607103
11.079178976012779
21.347310170263327
4.732138063050025
1.7256951228047588
18.433519999028213
55.08010748681428
6.5815861250784105
34.29598072035303
14.009930157641621
111.79446570342961
10.32030655614013
19.018291555852375
34.96558060192093
48.6533662925485
6.1866171325114765
29.66355243306076
46.44442855827352
66.85511751820142
18.14171791443012
37.76747510470466
29.126806126756772
8.791970688553175
11.791776569934989
3.643193059512611
27.781540840616692
29.249058189376353
10.988382199438552
7.3817174433996655
33.21825510091795
30.231196370926433
41.40203924314663
50.04478887201279
3.0229846175744144
33.15945336725914
9.307058479035737
24.007910729479285
22.43934104914717
34.84583916952223
9.968839280482825
18.252158583412513
60.14529719949747
92.04663697569976
40.56793664718214
19.38759107999778
75.92218624149972
20.13702740653291
37.796713825554
139.23487015834067
13.437185620810068
25.73455193570776
75.6971657612814
2.9449167576252724
237.11601085388725
29.64660118623297
67.2278462952007
15.337762350042235
7.105785855243366
8.104398639773901
6.264103631030585
14.55366318837529
2.4897097822779792
65.61949241904391
13.79296729615817
9.647265437812097
8.685488213390327
12.722528047565135
3.126511151075268
7.518351627161542
5.095090815170087
8.053872607554679
26.868357981086668
17.43925502773506
8.091792411424722
13.703170014976921
38.61709465832618
44.99740325708032
17.872669861095034
3.0410906657270447
40.78411827265287
38.885786996445894
81.2898491360712
52.682455024054846
25.040715968736972
5.07703551145375
53.47233141506131
4.226029752289408
82.84699999477273
6.355355454307872
22.503070183227365
30.668252430653784
12.771834537477025
8.10443882386465
8.148703211988924
38.879178280610475
58.98108692860881
314.43694301381055
13.850903290063998
15.10769318717138
101.9666162989601
4.281734692036806
150.2922031181784
7.63826896251234
31.420608358356958
43.76386591050545
49.67528094684657
19.019082733873503
23.208881919574708
14.311427927350111
82.91090345260793
3.6182348872890446
94.49887706862627
11.34434736461081
35.18888172774646
14.389930807389488
9.939744149237939
46.03068841425966
12.456647680464147
6.365220348447453
17.73357957221661
20.233530993743443
15.260265667783283
40.75554590470253
129.22579778956342
4.607722077671194
15.85510747403706
33.53982314720923
61.98634009375239
36.01481264395962
17.036630235697526
34.235639771958596
29.408175236501954
7.387930366444791
56.485817084480615
5.945922922318724
113.20302629481452
30.296059640733446
103.05244390988352
13.147402743329627
25.58479424643925
31.866896288990528
19.74828139003212
3.3683792683302594
29.158310542061848
30.54407179977271
18.88609460764525
20.689934059675362
4.259768437256789
17.52719096035252
80.59365544052004
22.71290144379017
20.446197754356334
84.26377527145489
78.29344002724153
57.18282666598416
51.79771187865929
25.65911997433031
4.218108103558371
22.613891449048673
6.4584644058855565
44.42599823056639
4.866936346580595
8.078882458275762
14.808405330969254
64.63254288559443
7.005884181331529
35.07699607486671
10.9074016142191
54.798316358921674
7.848215517397496
16.890421120325822
7.366495059494926
10.992227294728426
20.46527714806635
89.15786995541575
20.641974992881007
27.14159058459431
55.67511475589431
19.207895149414995
155.19610072333307
28.55575528240886
15.469608648007519
28.45392871376232
6.708417866742015
8.225253346542745
5.341579593698654
89.7954513426704
18.440792509391184
5.058170008219633
32.2182091306272
47.712994250083476
22.851688875023427
15.246343802494657
59.12717984051236
93.5050529131768
18.281130255464777
21.812212606826215
25.72119349828789
14.749959179598587
15.308296510580742
25.474423519686933
4.401777710234794
36.161338945240324
24.054807459360635
5.940349312291775
65.85611909278694
35.84422417612396
48.073858966638966
47.095398712380444
18.021784528539296
65.32554840437692
21.432713665096404
9.406051249772192
26.17127052940518
3.010352047489047
10.70433686241449
5.3737422018301375
20.087352453837475
3.992676629418057
11.338239152283911
6.301240447087229
54.27362364530141
26.040007710281056
36.83027255151344
3.5737379882170313
8.970326662935893
9.903839252443706
49.86816535620037
79.85599675634815
6.374052594899738
36.98524991248078
25.08394487634102
32.47498638615374
58.24668278175544
29.684182187514217
26.236296127882383
105.34937504603192
21.267718241408055
51.762637709685585
12.196676491296463
26.35838055102032
13.264013429064569
49.61755587019241
22.817720968220485
2.981691449424253
69.30721811872472
38.2791681959438
27.10082283729927
20.134531993787398
34.80323312479599
8.62713128785262
5.348310031642124
26.07189022656392
74.7410390737795
99.40544226811525
9.711646472217684
288.0798132519526
11.181262475084463
26.16720425915727
9.195918084583946
36.0445478962576
56.19442460801616
6.643887878265406
11.909639299510046
3.9245254001644967
7.529616698649453
23.74019396773816
9.718215396652809
48.10141879169742
10.710101423619099
42.48805450765065
68.26755776665085
45.06691458070408
42.28394480664892
28.305470157740952
30.917368523105427
17.478004367688435
67.04560780705496
68.21387713366477
12.333329090691786
16.435766261495182
9.869593510163591
36.68080332325846
33.50918953864574
27.433490634530827
48.81164895261476
11.17326006203434
16.44167041123959
6.548166561421308
14.997733301580874
4.8924617788270375
7.167070494451322
26.97601029948559
62.86376765738489
18.392506499014125
14.321046860986257
3.3941936632147205
4.3255561212827
28.534342799353194
138.83521607247113
20.646421431932232
20.84749540940797
3.5284791077588014
8.530137568147564
7.871656914380358
47.29313638415154
18.4271474757225
21.419618545505465
161.18877769218994
16.029068487987193
35.45399716407076
5.639215450140667
36.175565231822794
26.70365639247053
86.99510173400878
13.112488299761816
63.88047425518812
61.97721838034468
14.285994738406373
16.180592781026373
42.58682677065489
92.71787540792305
36.95201005670393
17.699611813756878
40.529378375071204
36.11199163074271
46.196107672405994
48.98916760659984
11.868320066837908
8.814272650551697
28.825293379777666
43.71241190131577
22.463327322722975
40.97418220086274
4.307249568411345
5.786920204322311
22.951136313196194
8.85859670723825
23.587515905016705
2.354231707341353
16.219590435821207
22.602701424309853
25.074033455328074
47.60086858873663
15.741334322440881
26.387122570020523
88.85486377714274
9.190444116664382
12.002769924861978
30.466989327327134
16.397679931832066
29.373940627611468
23.156190371043667
29.029790304575425
8.530588691566326
2.0296543533189633
45.58652711411776
25.423908383991037
18.75485616377152
19.606993097588035
18.15400031620378
18.657181637561816
4.241694110692234
8.774103584278752
44.474433179662334
121.41122871404814
33.071568334206795
5.688894780372428
17.49699920011271
41.634507578592164
11.49039257260686
9.025897947847938
65.45872732332232
28.38951626201663
9.56771531264474
9.324586523612647
5.029875451140238
13.779080922888701
22.207478350567012
3.047377458060771
130.01006309077115
48.7369894679992
52.86809549356091
33.52443909560525
50.0035136523507
26.751096613282623
109.1567236883597
88.94931527135643
53.34110696599651
22.47543799678418
6.876545640805364
108.2700166254208
15.61497953056593
15.08239493454718
57.40410958731316
11.32715577225924
26.368651322943844
2.922313882495306
4.672944257625381
3.967821740231722
26.32375529649972
21.116472791356653
10.814237424216431
44.10582980601214
9.718521413815587
9.03191712918271
14.37389406275101
31.672606731925413
25.610144463994306
41.6047471461507
12.111850067687598
11.833731200629913
13.407288042726876
14.371051823984725
18.186643380409908
24.602407671761657
66.15932873159527
41.92475239481109
4.856597174365623
13.904912959718251
12.092553853645045
15.67079989092376
32.698495838364025
22.8220007471476
70.15340353950539
3.922948686088665
315.30306026508345
17.310932067450512
13.791293511229767
136.31009259953194
57.081698718961
16.27708630772535
26.779963335354456
13.234898885837419
17.822681649534804
31.318075442473116
86.03055631352939
48.98100983792273
19.790579192508968
15.037060247457937
16.56796354503944
37.590567849440816
9.189567195454167
6.993162538972461
3.6776267831034937
26.970803641809272
14.00280227820644
15.990839943127629
203.27436761665
16.771058088350227
24.339133072133116
9.214789262280098
7.1290712312914755
13.320110286501295
14.404852512745766
55.51529868478472
51.58574251375038
3.201519793271579
11.990710164351611
101.34822767562827
15.035977278006758
62.63817846335327
57.045163486018524
2.619649008481735
7.3646848292124
40.205930170828594
6.4685277553248195
33.41014241805771
9.268213238078904
17.64231921773956
12.189060424983824
5.668563659784747
17.608460767310994
18.11729188587958
10.228739715488999
120.17576287666084
8.370958861548637
13.425973770350163
50.027358528308035
2.2843961369501105
3.350358183596108
5.296599431370361
14.939649263631177
88.32516132690016
9.565670038710385
28.584762911605672
7.382477242726833
50.68116996992015
53.89076428574196
12.947875776672362
13.358680601393031
22.193572413285736
15.595053182742983
50.33693216371363
24.890770124673367
7.672017756433174
280.96352609668577
71.64018704616316
43.03587379392576
39.72752479312642
160.48323798340547
81.92895713682633
8.35586619583268
23.237862642337397
23.2290486723881
20.787270552215013
77.53668210850236
1.5272626647057643
16.473492141866448
18.991078304927235
35.98584553711735
5.8077858299679885
22.757020435980834
5.064562183021852
4.258340816024676
10.305661028701138
129.00042982524894
94.53781949809175
55.91453066479305
18.069514300150537
54.549117352279794
40.95878828762651
68.36006053217207
84.38529196693928
23.46830771650016
13.781653548487316
17.360656707396625
18.787646115168958
40.07019116678392
26.232952268907916
7.058890693310603
771.5894091425162
24.492833065278262
62.16711231204963
56.578859721047465
26.971068677111735
42.954906951105485
3.9303698860422287
86.02418325170937
136.78754506848492
7.387166020762063
12.973909044705886
3.9785563006942537
5.314935447939319
24.224660444550857
25.338579793888172
21.511264652269595
58.06522974125564
17.776025350453267
6.998304052135705
76.83263145472822
32.7733281186979
8.185649824263841
17.15370896783805
30.630487037386867
44.303814885536625
37.940828455841626
5.2781285869959005
58.847022405847994
20.974974347380524
128.32400318951375
14.504558523406581
7.722348144817776
6.973609950643856
71.17911025075767
3.39045715075857
31.383669446714645
59.89109822763562
27.93570214221044
25.54323584479772
17.618343442287223
37.12548614731218
6.0942596641598765
12.558301680587777
6.396419735235426
65.55957414529918
10.04920266022786
7.265326008767006
9.576544973026607
31.73908960911041
7.833911896209002
36.52754751295912
8.784022514827342
130.04368077976213
11.744642862320307
2.8982515979554746
11.608864240936038
53.04146629573663
1.8458679773402988
32.515431814867334
5.450903362170133
37.0318569786307
9.832257397947446
27.023034882922783
58.44361024113458
18.205618406237136
21.909813080914084
19.894299941371358
7.582297323872281
31.546612581952733
40.17823965153803
14.593622132326823
19.791855097968256
4.8306283152326985
47.78084377374309
32.15061582398063
34.61605043774587
39.42264425451577
11.327770258451741
2.845837078392325
63.138769897471434
3.6690236492825283
14.698265851793831
20.379587618453414
148.58236964876255
3.478359961417274
34.507271615853924
13.027323260211956
15.12899377134559
47.24338474561418
9.921290257850158
40.24543503719022
17.093644241753637
20.762147651076877
276.3116690942845
19.65680989892134
30.862410313053818
27.52822959356071
26.234670011464747
10.598051878783876
11.651441103177257
46.96325439364685
12.81720038106988
40.796781875413025
3.019913411493736
13.956164343755148
5.731849378211171
169.25644672014008
4.6635003445014895
23.22384650371968
26.378215553248907
45.461332051899696
36.902575771508474
87.82593797795482
3.5916389095773686
7.239568295787435
33.13903556138222
4.354065534698471
259.3817427890121
58.0408465643326
111.97176269410214
9.97744801034088
29.714859870323295
26.523980909411534
5.1907184364046985
8.976484047946794
28.342841164772214
65.55011211891437
18.469992067390677
14.638409549100173
48.62444189088476
22.676108844720062
14.433289703630948
4.1512257152502965
32.117334155306644
9.484312530476405
13.613309456870063
60.11151320580982
79.70916803801515
0.5586285944036247
55.1662262873147
23.23433168169513
10.004328028358913
2.410819718781594
141.0711385141021
29.4851587914409
34.664925048224035
12.392391774208148
67.33357253527807
4.427835107100247
8.504980673531593
29.21205470255805
5.4733990591167965
41.14850190314443
3.599150245524436
123.56624904906586
24.763801194596297
30.89730640528347
24.39846301884311
12.328852128788952
49.04049467707045
59.90159207287087
35.557187639876034
62.273185840491465
17.671259357137483
7.199834665680781
19.4948814872379
153.83215014836244
70.55279040543006
26.489289918195027
20.706629342644938
24.13335160139672
34.167368707076434
16.17728833816622
6.537635370460516
26.395254919891258
36.39935714171357
15.597662738280707
51.31993259985125
22.883896739773743
36.80749013535123
8.531997471820613
18.97838280952803
8.047077199825074
12.80219097766798
14.962613486236881
12.810414965613356
15.240563665848306
3.390671011566683
229.9220818582914
4.228055709622036
47.317676580328964
34.971739337949195
58.19715982942244
3.5976598965730875
15.37801757693702
2.9323706289064946
7.967829572835247
12.075821178197806
15.928816798127412
29.82988326062144
11.061477184895814
10.01555297666496
33.14823209079769
12.515535092050742
22.5348542146785
19.572052554121793
65.58019246569583
138.80035020849334
0.9614181680699124
79.98090858000558
31.34588041166063
37.18739998816275
11.750622032261347
120.19046665819262
7.616919311262063
12.05457631784552
32.52964291215547
6.366782947625443
6.686229002929404
33.18322126499066
4.570580360407215
8.915054215730587
29.655636582419906
25.413678993862295
9.13658923493247
59.75011305408195
15.93076468434787
14.493244949168352
46.79262822386037
15.087485394327373
181.82134410398683
16.471949155922225
127.4711770545383
17.60753946361845
24.667649728069602
38.09127938902594
69.92593736990217
26.771561875656364
17.186188032646793
4.187757980767536
22.30455444266954
25.304838601120917
8.68873968280225
31.81358245768639
19.793812827733657
3.8338870002030356
18.741095712581142
11.483998820896863
38.2682117037768
46.34316989825659
26.368378531078047
11.43673365971056
11.139110259031774
6.250503202386796
185.60152190133869
40.688584980956584
30.304182291366974
13.17294966310505
19.69301445697267
456.3423822331262
17.91818588192576
2.0971442826918985
5.248320850014089
5.740786154853854
51.8325420553952
9.718894201021612
17.631854427673872
60.32364324980148
101.18175523263434
54.62358692081142
3.2632963042853613
15.142713491968067
18.097425064172043
51.57279651372786
54.939954844064104
3.5100059494076232
23.32785695477623
58.93197415757655
26.23567214816972
9.389305555256044
18.948187002718054
23.741769207096517
5.446487596189068
28.87334153951809
36.79624449016537
7.075467643481935
67.66118632705677
12.422223530367924
47.724857148254316
34.575111796922926
9.001760352069311
12.529690966962542
9.165725174738526
20.24400413312878
6.686258165760362
45.2757147617314
14.731113171485118
5.930451752491396
5.1696879012528045
6.4164310539573455
57.02722380247421
11.743933390289621
93.8838984888288
12.327084081322338
4.265367923921625
35.65518244644084
1.3574425989854575
48.67308230425457
4.722525973915284
18.38647668577215
58.02170215686112
15.77023895054294
91.02402727610841
22.280628605170488
34.68042620858174
135.38850845078593
15.538742651858476
35.248835660284215
13.774775119765053
29.14194085449761
5.749652113794843
27.468029893009604
5.580638198423876
34.14781563027101
3.78694412891901
16.322314122501094
33.09309719822758
16.737497015769893
14.512239258199308
49.06945927774865
4.71540379060552
9.766884065203634
25.440174414102213
36.974414340871505
19.609361757537652
2.009746420501802
9.87117515452553
33.96400101033766
14.455801723893053
50.507559230118794
19.640618310524328
11.897104037823604
23.741329011606304
30.394451862652218
13.04827223282944
58.74427263157984
11.491810671823172
14.137164603303496
31.867503060400317
5.316727298939598
54.654114728242966
47.28008771633943
14.242410139939961
10.46009218118433
16.242069552904717
19.910220532868568
28.38830996298862
10.716948374467442
13.618841688355769
3.98474871211344
7.084219980169522
8.503157970908074
45.298496878638545
18.292001944593647
53.11722614429432
21.652370256389386
5.004565795529398
13.539598382126364
76.47898758765162
22.398248131719583
16.002660581770424
22.628623883468716
13.958230932844044
25.183004177007312
8.53580629386255
20.80754596027275
6.489796675070483
51.74267170442951
30.548297204627456
24.26978661585307
40.06508640003103
39.32737186822181
15.247557122178064
11.459292153905794
14.615361022051422
54.90391827258268
59.813833787582645
8.83613250980343
3.633140333132446
68.59324914007294
14.763042264055972
2.0370588658552053
65.86650744168617
151.35406614940462
27.434462855881232
41.225881135375765
77.66410665895934
102.92324144458748
10.593692001427641
54.17417402737866
9.485972363949523
11.911814018702195
13.45956381452002
68.5478017166768
4.485483072495593
17.333613633665824
37.064335581302785
21.503669488227857
17.680521474193593
55.62349830349583
18.61032517490459
18.302384882801736
12.98002174594264
33.91957592459119
74.3233712375688
1.1953821755325138
2.753141060866667
46.14781396049748
17.387797196853164
4.515624074550148
19.119640588419898
57.63350766896931
4.82731276272527
10.426086423360687
33.75870527437944
9.39427275381559
13.15460360142363
77.15846460499408
40.17309195281439
20.287861033486525
10.281553396998989
28.21930006517222
140.1327910528157
1.5252051501675172
47.74320358695119
4.035725992352251
28.481684608039043
29.962855650056547
19.40929171975534
17.78081361874065
12.103665749557111
32.44620426055496
36.541047895635614
7.766211354153938
20.42207261461684
3.958917986462242
14.666040462186185
27.581453662058355
74.62782818309157
2.255889316724679
7.206224203535036
4.771096771049825
29.558521298788882
14.413467857866623
28.933418987546627
18.002374354573803
9.13269993987774
28.443637036681274
3.539980899912187
25.276053440503986
27.189276896803904
6.822096746757755
28.60946291147831
19.270665866281124
121.21901574754357
43.51297221638389
5.931595367195573
11.891958169458253
24.228588386453936
19.445891715565665
12.682368695674516
14.676026402262123
3.966921345331014
1.7642224104388384
22.754626199874718
1.319852378658748
39.05364260669517
152.919186493867
8.885844827966322
19.130062329618163
10.350658528921192
13.324520767274118
20.192623397808337
13.353052370419869
57.84909798678136
5.349302175319857
30.42040871555885
74.11437305883959
11.279423348169809
7.450395957329165
16.189548989397814
8.548328279338094
10.338438801579002
2.5755717475291653
3.0834314996903767
14.761853756918182
9.112179862655399
24.686341102569752
12.923568867993868
90.65537968785208
17.50339371149029
44.56282459889616
80.86515199225734
67.46013292490682
3.9752307095624513
49.48235835911346
21.389299754366917
30.143521780183
16.641944552168045
301.98664925801825
77.78783681319092
17.739834366465068
54.42934671350696
9.878019219917974
33.468362814570725
33.95505412517914
8.024851367563697
81.48811033542893
13.721268064429857
30.968824971011138
42.323553618131335
6.650266133605775
47.61121221804074
20.158099582246
32.998385755119855
39.05486983661654
0.832275421542011
8.303691572832552
23.09009078385808
272.91764266649636
64.13282655720556
25.634295302639195
8.914020551727127
16.746165435571626
44.25889763082275
52.36340308301609
29.75920330119776
9.303592582901459
21.315168225506945
11.33237431513374
36.38462992616712
5.902112481623792
10.305983774834852
7.20913140968816
49.01195691171041
33.773173190451466
22.588538152725995
28.80778815527957
5.961497316087975
33.29815380575584
42.84723501160656
106.6572819990611
34.981049323828856
12.660615103421922
10.570016968352533
62.128969694787315
60.12421224896375
6.8015742905812875
2.609758559262504
63.31379537230325
34.564708358251046
54.56181327395362
63.8558944948751
5.403476898909971
76.87477994890412
31.803708778107985
64.72674161534023
15.02524943256512
6.99575425485813
4.127082906810207
17.577621545224638
5.5878340797115
14.075355889898198
16.072158735379922
11.627050730303907
29.021542854556625
14.71552747946437
22.329566733292488
13.625752605511238
123.60298262943387
1.8949434448080096
20.889309194238336
101.26167692475367
7.740431081025419
46.47743724985419
59.07318818436312
1.6489141949582962
6.562307834736265
14.012338938239893
18.55039936371308
12.934709582461746
12.911250285566476
1.8833928004629423
5.717340116891426
16.62907960657347
43.10002479592729
29.42781330598287
11.17996171227986
18.3693201329445
20.217696090388365
55.34570337216356
13.367198993045934
6.038913588165009
45.27189950862177
64.0849336369784
4.531977121931609
58.52003432243053
63.188996647542325
11.755012169909156
28.473228994073857
9.323868673861986
49.11020604966595
5.824080380320735
34.88289150339659
8.25221929512687
8.268004445133736
52.13901691742484
30.864616579124892
26.329563916155116
12.505295370067815
30.337206228041225
18.628486095320913
7.86947525533817
9.286149624465699
29.0533817248047
30.78778539354476
51.98662706514447
11.212421929029032
15.47076209601059
17.4337093304673
10.97430582481939
10.80008606283926
49.91151285486312
7.838091738605907
40.462888366660415
8.55052887855853
24.56226796273911
20.155207907648478
15.913106859325893
55.51203536443073
5.45069800220171
2.9589991069741
10.032946613485235
18.44854343527473
16.917970360932642
20.139262476651574
26.466248582795895
60.32747564766442
5.391386588834112
18.401758938277364
76.33628030106742
3.8034446782439835
25.212760909307207
62.83325295671438
15.952764911229297
59.64653748966973
37.404566475647606
25.55579820514515
40.61135030828362
22.634970910469708
9.597719933915554
21.734772146779424
7.322225223682755
24.92229640345813
40.55758994292831
40.50741360846951
13.064036205056983
78.70403476539008
33.19355159455803
58.87215383526142
12.16047706530568
4.815840980029302
11.002531027282695
84.82600143822384
8.240072209079713
75.62701194288913
21.601673704030926
60.55761949776317
31.611093768254424
8.329477682283319
14.162555536732953
4.161041818981841
47.387847709976214
10.881326124526648
20.40546284485774
20.53497345765564
17.427319614821343
21.68923116168967
106.93672150437432
18.38333654817794
34.76906189564596
21.812062644638875
12.177125485340161
21.02022411288037
2.1512967981988345
13.74417512107422
49.032520133399174
19.829233839432217
87.86131660370495
11.550986269498134
54.30947445706038
37.58072145907349
40.57997272819088
177.75215764957036
8.955120611297238
13.282586696709487
21.760383550807717
72.22362157369463
22.896220081203953
10.885600149571117
17.318978457285848
85.17826647762854
62.33500835827298
9.63371445759322
36.77443042937118
66.97151611454319
22.93776133477852
60.069784870712894
20.34703330013561
72.17815886871789
43.411239918652605
181.50605744333623
26.550535462061827
23.156067652395436
12.971257967595399
190.82979405327782
7.608821643856666
70.81360343395946
13.554981364768155
120.45722365016871
15.374876246868215
6.89780557134099
6.48245680464429
13.736827157148321
12.395116199938617
21.951088643249463
47.03709446707585
32.05585384904031
42.289539902558566
4.278917588938568
2.235441998507965
11.337653079888321
14.999000452374826
5.406391872601573
3.2817896049777384
52.46297784538414
6.7886462496521105
7.349807364033781
12.876295353893951
41.78920720164112
38.988841136696216
5.666269468156129
152.0251114952978
29.347017543572257
13.256966727732083
12.548940745369068
15.881778180326812
31.372329829516485
12.334792710747678
70.7567132959404
7.212278904851612
13.505165855656532
138.48828108470948
45.55088010505096
6.2348751686816115
69.08338887633005
14.295858306385362
1.9760134203431257
9.422430404915554
14.444233884164914
10.196576019049512
22.061012963863597
11.874105934470917
25.103212343226495
154.2567686539392
12.76116699366277
32.612476785641384
95.59691587721818
43.48678504959642
14.43800745175966
18.863382993966272
20.975984561774936
22.492219811353756
29.73773030038415
5.113644330375005
14.42623288175784
51.586712144557076
217.62191286643085
25.621961706013114
42.675985273171456
9.441297648653563
9.267607936096395
74.91287576233718
11.630028951323714
13.08305321899851
71.55722153793714
40.1643996795823
28.903820656537782
27.041691880049218
15.040274430024516
12.107767049190935
19.968086465300622
14.740025666722405
49.95885766245579
50.185023083947826
22.902466723852008
39.176304180994606
42.89763301697396
16.06797222675268
18.017998858961825
5.750384268531037
6.360240427178414
2.7264450135958205
12.906953859822195
59.51495900506717
6.910561338592956
6.9805906160285796
10.312207506860327
74.49038122740328
8.634072816683327
20.567294826519678
43.26816631269337
8.958714862173377
16.091051420973212
28.011219285597647
25.89155039175432
12.57411936947431
21.897751131645883
27.336958965126534
36.7944536540441
3.253880999552093
40.44193393357076
11.091427602027258
15.379037877586766
115.06341518728372
15.800517209043987
27.496892227695252
9.994509879669707
62.865925705301386
19.11228766860419
29.527553886413365
5.29721390041163
65.28356841598809
7.863191777571025
70.97642209161903
159.48534231212307
13.14757356551698
182.84531325191273
2.8625985437370507
25.45361241802296
52.55762142684692
64.28569509936709
33.7947802682879
4.299164988954006
24.63224656096393
5.61986812224724
37.30586462214048
13.684721171208386
41.77733896917696
15.883253178069245
87.91814479410463
244.62003980089156
15.99027227368718
6.821438645416766
14.333707281748763
20.07209285694854
30.088580112471
18.17819031527995
23.583433339688582
59.23377987810843
8.107032474870831
4.7189286331746825
28.849089971728123
94.45241265214254
9.692622014623367
27.411965401324572
43.036313185989236
4.3131279356265
28.87746917159536
22.621398832241454
15.126041793085726
23.81204693327071
64.72232820458765
22.889536295748254
3.513643400244428
33.23492761798321
37.47146000575717
13.96352628047527
19.95216648621957
47.62570466478908
35.911027754093624
16.19008265672882
58.09631460636773
16.1196661303056
16.82191561117708
24.26266092046197
21.660749858401044
2.1129609117941635
44.346370989928886
109.22233138941063
124.29471134856443
4.049569505627441
25.549127204631628
37.89813714564484
39.427081189910346
16.75445125956686
39.661725621459944
6.08293434146291
75.35734645660138
45.38866516033051
6.066570995764561
59.464653015957126
10.038132482300247
104.61926200945756
48.115766029690725
59.71780202185882
20.61657454750344
30.253122625470255
36.26931008708324
8.56146551914699
12.354837241735392
89.95707613492158
5.2195625296396795
26.064548783728583
52.056822736813835
53.4868430907397
16.003655184383806
32.86246810982746
30.08098778989904
38.320565339715394
52.35405940670239
12.804300064962034
29.253108046231535
2.4281092025729425
7.555983143211921
32.543019488814544
99.5233888990994
5.9512755427093404
18.677717234001257
28.473984436003985
20.196652480525277
19.291637000670665
6.1954219499517755
55.10590866427887
5.321442548813823
74.82264399789248
26.871729707701775
135.190092683923
13.522107595944236
7.212301259017154
12.736388520149667
28.301460368381132
3.970200199891212
19.35303696067183
20.136684962307676
69.94769426565273
66.24334952230205
21.21024441576454
82.1457976222182
30.350976634101286
14.211867667597032
28.28568418714021
176.60283506941266
8.142437499814152
54.52550874721992
14.293547812840837
9.513529235444276
97.59005421276923
17.218202011315338
65.99719880571496
2.0327991532646794
33.72017492392961
34.741119322397395
7.473729522828895
15.060275096541583
12.250526329765695
40.89946070051225
32.537714380746614
14.150753556070342
9.871957334524572
10.213964757929402
8.343165613293415
72.70547102662685
26.445134349649837
29.77256618584739
35.56104816056441
49.440300464341604
10.09368606569497
14.602948981441875
3.12570375531308
3.091253511853373
91.11432940980647
137.6836645256962
31.398928810810478
53.746762549716244
59.69721580325883
2.8588133090145718
5.3575394174141815
82.39443703791282
8.697601294739947
5.593747980646852
41.78563085146399
3.9155082845342575
16.835697018815143
19.927749531467246
17.329630063135603
23.237324444424935
16.801162755280618
47.08925321180222
20.06298453351443
43.98821482423482
39.62510504640186
50.44690313904656
13.665426859088907
20.17152207095138
45.9306968951588
25.792106205508098
21.57475649933107
19.84418321276842
16.2150817866884
4.953021095974444
38.59783625345232
33.45725681203328
30.501711842660498
24.335079537361214
6.384349162699634
20.819349622243056
4.53864688075233
29.145455558597234
19.21751723992284
134.29726113343654
37.078292058634624
427.32295190911077
11.710999435105684
2.3744096719965535
36.213951723807334
16.054383796297795
15.096843305231136
19.636949443888934
31.777937849176944
18.979062573067118
14.861302822853876
3.43827186972337
15.822827122479822
6.86578705959849
16.11704040186554
114.17268613699075
35.366244479622175
7.717247933890122
51.14198028457042
35.396386203558855
13.501475004327165
6.41858163119583
24.775418776699908
21.01193459848605
9.786217106924672
38.91024346455399
28.019332174449
62.41001299180712
4.255917139356147
5.954999988834406
14.019111085053376
10.302450834604523
11.16464214221785
15.624644975819876
19.48225577759381
35.085138169011046
24.633881335435838
27.429962288714336
97.91435694114124
148.89192093031158
22.29632002755034
18.87588728196964
4.917652417769383
18.21794402596387
32.108371488282344
45.95586182549661
5.562071842499551
5.25681797634402
15.423644363003012
114.94514312004628
6.706557261065455
2.871986567594108
17.7838029207192
14.564935721209435
16.762809267451445
47.846766993763346
54.156574848671944
63.81603751719194
85.36810697040596
13.2579713860866
8.66781559332938
99.09724161835676
93.30110196917892
11.96734264144651
21.179628620102406
54.05130404890228
15.173326278414109
9.184612947854363
69.07936846208176
16.704396036747028
47.06876258528628
14.232538525548389
61.481459019058335
2.856006576339855
88.95314012805864
19.770220739301024
54.875706949575886
11.423916825163648
13.249868812405271
11.832367976171211
