100.02322891403176
100.0237439377636
100.02500535522493
100.03523854690663
100.04489051354948
100.04651619812059
100.05103687712463
100.05410548312157
100.06881176902705
100.07058322649576
100.08128268566708
100.08139631679504
100.08213453117747
100.08359855416545
100.08739888783093
100.08815155610142
100.0898222049748
100.09451353780341
100.1017065159234
100.1037428591498
100.1184318302533
100.12703795251164
100.13791823472633
100.14297857467112
100.14624581875397
100.14746240951351
100.15196968631597
100.15615224725806
100.15811875962385
100.1741685001317
100.17804632709888
100.17830477041409
100.18200348189048
100.1871528576593
100.18817477492382
100.18916503242261
100.19886093898617
100.20530797933029
100.21117780272617
100.21629962313128
100.22445647938066
100.22452715286899
100.22563554887147
100.23205442754187
100.23984412992748
100.24392222275381
100.25690520396952
100.273288183138
100.27929990214133
100.30506841375427
100.30786303375163
100.32276581715618
100.32340411912135
100.33113921633463
100.33206655469402
100.33732430152891
100.3441525449636
100.34869795970268
100.35776309810855
100.3605692312178
100.36121070167556
100.36199672923544
100.37477336448814
100.37532503991376
100.38040427159547
100.38435255759583
100.40613284145674
100.4111456284045
100.4113811813513
100.41536739031208
100.42062882892127
100.43310104163103
100.43419955411241
100.44391143135509
100.44740037028488
100.447449645153
100.44824942924755
100.45629602056208
100.48625085573238
100.49252952847027
100.4999807507616
100.50354843358393
100.50883859221248
100.50980675460376
100.5134901963133
100.51902122412663
100.52576195467947
100.52723546329526
100.53260136668777
100.5398810063875
100.54043318254288
100.54762779941076
100.55288514730677
100.55340693494851
100.55957779637423
100.56002310022178
100.56492234192649
100.56762282753009
100.56828170554274
100.57404244077806
100.58761208902183
100.60099350485794
100.60516695315228
100.60549118104629
100.60623002952622
100.61345387066432
100.61976976137814
100.62630242495122
100.62736643597849
100.62861572372518
100.63921976525447
100.65288723411979
100.6539219740184
100.66078563347386
100.66171367887762
100.66236524377992
100.66276190136954
100.66331467233454
100.66462975032638
100.66576662879672
100.6679272655656
100.67528625310679
100.68011547380188
100.6844469854854
100.68851876450735
100.6911756924749
100.69207494294568
100.70118805146748
100.70391139026576
100.70958107989462
100.71127258862184
100.71664899206472
100.73012118757661
100.7360560751624
100.73656799200126
100.7383489952856
100.74148875010013
100.74676093406376
100.74850370964437
100.75109834792705
100.76296328456677
100.7653145160894
100.77442957876616
100.77767861732761
100.77964544508649
100.78891132369976
100.7932931736275
100.8010089821882
100.8121643815082
100.81439150744767
100.81704381657403
100.81886413939309
100.83420318305171
100.8479833246721
100.85865807553208
100.86397755566269
100.86538704982479
100.8657144469519
100.86590997793883
100.8680709027564
100.87426618013615
100.87968968642609
100.89616481941869
100.8979541664513
100.89915333052288
100.9033358293737
100.90530833864415
100.91198221208968
100.92051169264307
100.92259652421168
100.93045668247926
100.93647776595284
100.93974191891503
100.9743080316189
100.97876836111172
100.9837202258042
100.98827717303706
100.99106381394022
100.99862364816308
101.00497561241681
101.04046995879911
101.04648222803706
101.0517332878818
101.05428204054287
101.06944476965589
101.07035531880477
101.07512053323015
101.07556777902968
101.07648145000725
101.07860096775809
101.09023040891456
101.09969199196188
101.10364921914459
101.10514010894153
101.1095152925882
101.11182199481044
101.11280588836529
101.12189186545348
101.12795687712628
101.12949078551017
101.13189694024656
101.14203733309466
101.15377411307398
101.1613042583826
101.18011797243399
101.18700782960477
101.18881124748413
101.18894424708024
101.19237736370411
101.19663837274389
101.19840002291424
101.20757819226938
101.20794961591223
101.21006853770282
101.21315979157835
101.21474881898517
101.21748667983056
101.21768000269324
101.21947617898435
101.21998907426044
101.22042492580704
101.23558059330357
101.24563803371514
101.24603345091074
101.25451721568399
101.25752628266191
101.26617250270566
101.26875860133089
101.28059284869704
101.29054171375306
101.29167070382519
101.29545511277406
101.3052821661163
101.31523703979997
101.31683530465921
101.33851244633634
101.34070810877583
101.34865827539613
101.34885028998872
101.35202486961963
101.35984088434724
101.36065990500094
101.36763618274954
101.37080309642877
101.37545739177554
101.38785483499149
101.38896869482542
101.39154381230107
101.39194814454925
101.39496581883984
101.39520971256258
101.39541174877128
101.39699934771258
101.40026234449144
101.40608499728788
101.40943369462427
101.4220928722856
101.43507825861144
101.44132117585974
101.44423520593824
101.4626970642161
101.46311242694154
101.4718052021012
101.47470680220337
101.47542603981923
101.47728385755262
101.48318663404925
101.48444502421613
101.48579437263305
101.48611526167089
101.4866904214883
101.48859314211109
101.49317673481126
101.49882256516534
101.50145898814392
101.50699862490565
101.50850713201231
101.5087337584239
101.52087036250305
101.53300948188726
101.53346990702076
101.53688980792381
101.54477405854003
101.54551577850441
101.54736128575612
101.56304446955117
101.56769291957941
101.56772952211104
101.57362383941229
101.57536166471169
101.57903893152123
101.58518284813306
101.58758130091671
101.59553415587027
101.59778877453272
101.59911152031748
101.60141754197588
101.60442970768031
101.61077406363187
101.61139334241835
101.61148677181846
101.62156405288268
101.62570346108633
101.62644559435813
101.62741412069322
101.63202556246021
101.6336631872219
101.64341261490625
101.64349612495884
101.64507734613349
101.64672232152452
101.64677189691622
101.64940459029592
101.65438779748189
101.65502646001049
101.66247446742749
101.66806814513141
101.67098468767057
101.67438169064225
101.68762268713428
101.68949073036653
101.69510054208419
101.69782542617935
101.70166486732144
101.7133739810669
101.72026919215702
101.73243429487609
101.7380775503529
101.73931288976273
101.74485035596784
101.74513881862384
101.74677174185366
101.75902633579472
101.76043040685128
101.7655971879973
101.76899912907002
101.76986143869503
101.77018075030988
101.77313046083749
101.78778034830674
101.78850194554776
101.79460184544122
101.80615330530959
101.83107356484537
101.83240625227062
101.84270642443147
101.85026841172045
101.85805717812515
101.85849967991797
101.85897355920362
101.85972188059573
101.86399996133183
101.86756780443436
101.87159091024803
101.87803990338712
101.88953157124621
101.90774207549276
101.91560681881376
101.91743537709473
101.91809438279078
101.92569224395868
101.94636359271419
101.94853630015191
101.95218447744936
101.95778150960669
101.96047436531605
101.97000153336724
101.97061276788436
101.97072627092841
101.98076546489976
101.98768839625671
101.9971623355704
102.004183687609
102.00773356043011
102.01132618722812
102.01361519052794
102.01385055040376
102.01745357207109
102.02855234087743
102.03353174051763
102.03515628225126
102.04167142820087
102.06022783723833
102.06280342320528
102.0651782702595
102.06523072999568
102.07522452071618
102.07761192092846
102.07815970883847
102.10060552213838
102.10219764198203
102.10437058700357
102.10862118795256
102.11191784794623
102.12069497165676
102.12329040580995
102.12806079321503
102.12870483493018
102.13244868826581
102.14922581543635
102.15630454189488
102.1621140235814
102.18024264472753
102.18780492948092
102.18972322855538
102.19139336149635
102.1967531476044
102.20728109000396
102.2097074499331
102.22677818003795
102.22862749338282
102.23351101676322
102.24237513378614
102.24290319614778
102.25606528844335
102.25820720520403
102.26376489496826
102.26920054323226
102.27419866834668
102.27493360731019
102.27971059726633
102.27990186000645
102.28098303016989
102.28631611773774
102.28912019394457
102.28949508424384
102.29051410877304
102.29280466608752
102.29456927146961
102.30045995942424
102.30552250357331
102.3141916700517
102.31569517486068
102.32199960963919
102.32205460779645
102.32298291311649
102.32782399929548
102.3286755723977
102.33746545947197
102.3419326927825
102.34700405424512
102.35160366137113
102.35931999357486
102.3607505263104
102.36164149736256
102.36499347688326
102.36807610011363
102.37047200417608
102.37077293002963
102.37329235208053
102.3747348188186
102.37916853715448
102.39621139728325
102.39672482094207
102.41893861750081
102.42135725173988
102.42568335387591
102.44559852640107
102.45695672191127
102.45889164521721
102.45899523571568
102.46116743505831
102.46646099686853
102.47159980789225
102.482800834142
102.48328124515776
102.4834915057623
102.48436626786435
102.50195492664376
102.50238871061245
102.51653321193204
102.5325494784954
102.53613685069803
102.53620072233282
102.53891850794913
102.53913784759135
102.53967592009477
102.54008984701092
102.54862962973341
102.55078246342367
102.55600609108014
102.55912248284905
102.56000993506059
102.5608085217772
102.56429345134646
102.57078835144033
102.57562930661727
102.57911941658384
102.58119478130561
102.58333029890638
102.58997493685436
102.59348727010324
102.59740629748906
102.60099458146473
102.60559708911454
102.60617469422648
102.6083678369928
102.6108512146758
102.62938085084579
102.63162188641218
102.63259131222254
102.64369474208183
102.64443100988234
102.64822463027886
102.65415391208965
102.65536701639867
102.6567590920587
102.66787884954239
102.67213732663487
102.67471661155895
102.67688856684809
102.6792936552357
102.68697443369098
102.69817171270415
102.70801050191497
102.70825943522424
102.71258639147008
102.72296243295598
102.72832076244907
102.73198694584443
102.73634299996162
102.74243888733848
102.74995404474599
102.75093524042191
102.75654816658314
102.75704803841899
102.7621278550629
102.76715358831386
102.76999586965532
102.77004629893416
102.78252592405084
102.78861363223685
102.79489503285663
102.79833907944787
102.80709214208412
102.81254477228659
102.81473753656776
102.81728300055217
102.8244191933519
102.82771593956569
102.82789518570493
102.82791505793539
102.83304877207614
102.83556159754067
102.84562370708652
102.84623623079737
102.84908470336792
102.85869746421326
102.85919960781793
102.87287031004524
102.87439792427317
102.87932742201556
102.88927033208975
102.88965157579612
102.89218961822972
102.90239054430697
102.90501358282562
102.9099515573411
102.91115515781905
102.91177814438528
102.91283073467822
102.91489848890367
102.9181111521242
102.91897849626784
102.92154774700232
102.92360021068377
102.92514846912113
102.93734654989892
102.93821665022824
102.93838577232644
102.93898480657073
102.93963458447507
102.9428207539904
102.942852120383
102.94376300876726
102.94554707389685
102.94670618923078
102.95370599242595
102.95621513394016
102.96343720004522
102.97683128128301
102.97763627678688
102.9834747823695
103.00106751134246
103.00329453655242
103.01340378696403
103.01861868855528
103.02220912247415
103.02229100872012
103.03760581537702
103.04002139101172
103.04061051622041
103.04863576640986
103.04983351876821
103.05408759288443
103.05501114246556
103.05581136033912
103.0723043241973
103.07938831777832
103.08079442508108
103.08665094904642
103.08805550767929
103.08982581108764
103.09035004061298
103.09196315753282
103.10208591949751
103.10402905738798
103.10694043919531
103.11196394840518
103.11326973559088
103.11715438976172
103.12875064773678
103.12997612577068
103.13127639948384
103.13349955717875
103.13564633782623
103.13773725383939
103.1393111033299
103.1542199794964
103.15642283440309
103.17173952836484
103.1896561259919
103.19002647960777
103.205453456956
103.21830111957136
103.2191202944406
103.22985381751832
103.23028637256509
103.23482940349903
103.23824209860385
103.23990767636035
103.28645107987964
103.28690288469235
103.2910877293606
103.29428883465236
103.29584915242937
103.29630728585407
103.29886234192254
103.30139816866269
103.30221397399688
103.31137897722908
103.31316103434214
103.33337743274136
103.33410073757726
103.33971440512052
103.35426518318073
103.35426905146112
103.35735226983039
103.37849889588433
103.37924434174921
103.39398215006646
103.39774234966613
103.39858131559329
103.40220525654314
103.40297705598765
103.4042182030926
103.42259789140553
103.42550698444336
103.44309455893803
103.44468606237287
103.45154639759109
103.4523130202054
103.46695847280719
103.47378092781474
103.47796944857645
103.47950727137582
103.48510028520619
103.49591675666953
103.49954424375366
103.50561440049664
103.50897901138657
103.51266210742853
103.52173501117909
103.52828200733688
103.53700908390284
103.53769024689913
103.54721486428987
103.54726790469395
103.55229387516444
103.55246282642636
103.55289532106327
103.55467281400301
103.55581259668514
103.56134851402449
103.563836626277
103.56427459490608
103.5699185401756
103.57313510650951
103.57591958713947
103.58294290740622
103.58956017662408
103.5903854680485
103.59245260373854
103.60510968599202
103.61424294724537
103.61526264669084
103.61992125969223
103.63072952502851
103.63545125930519
103.63574494728745
103.63591643618139
103.64174268476751
103.64475569213324
103.65242083137248
103.65728817248802
103.66290169105949
103.66330168114612
103.66619463912869
103.67249684149348
103.6837798467508
103.68812020451666
103.6893888844988
103.69297958338068
103.69436563465982
103.70694921419016
103.7075213262901
103.70966249490425
103.71491166088826
103.71662421186801
103.72839636354084
103.72997007854732
103.73376884088165
103.73599434407878
103.74481086757092
103.75558713382404
103.76755021496102
103.77556330853893
103.7879014834804
103.78820039680977
103.79610415137941
103.80598266193688
103.84826283380929
103.85525715554058
103.85527508348711
103.86440369810292
103.86488790361065
103.86654804576995
103.88530084281167
103.89971902650073
103.90399248302116
103.90872230305246
103.90885847948654
103.92556154728344
103.92879565423861
103.93606128570153
103.93948490167783
103.94366242771002
103.95287419125337
103.95736028567552
103.96842582293637
103.96865711177655
103.97076877874962
103.97220307863176
103.97708164442213
103.98749718326445
104.00732465757063
104.00798444095518
104.00854945695852
104.0138586502673
104.02989290133759
104.03188366029715
104.05164459864915
104.06954367698266
104.07369270077655
104.08872480748539
104.09059735199162
104.09963389356702
104.11373152965629
104.11931432664271
104.1286019601425
104.13017987376591
104.13253973005324
104.1366606185131
104.13715911137095
104.1427141928444
104.15376357051692
104.16096147585712
104.16383983381311
104.17402960779741
104.17417767235047
104.17457494463747
104.17649234499832
104.18063027168547
104.18862973968696
104.18905400614872
104.19180199703177
104.19366875879432
104.203617205875
104.21265046031193
104.21376448326448
104.22641140645314
104.23590386838755
104.23637975673847
104.23700992744708
104.2392093322506
104.24379443023714
104.24387407668425
104.25021365251942
104.25222615092801
104.25548839992176
104.25826170005983
104.26915929679451
104.2760311675405
104.27963957285574
104.28259797297024
104.28589388309197
104.29171312147022
104.29643528017245
104.31284650778939
104.31498993680489
104.3201631362578
104.33324021429583
104.33674328697569
104.34040490764613
104.34456804996474
104.3513654923704
104.36173897282268
104.36256323357904
104.36778778432846
104.37060283776482
104.37196298181614
104.37226784508604
104.37314388838072
104.39421771492825
104.40329427353295
104.40815083520536
104.40890427667507
104.41363504759991
104.41460300946983
104.41819545400992
104.4244575953086
104.42647103419898
104.42852100109492
104.43893175794025
104.44059290002727
104.4507981780551
104.45092111566242
104.45867023542715
104.48183554697542
104.48274138006863
104.49086452261972
104.4917218563883
104.4972021886602
104.529693968569
104.53631088390583
104.5371728928344
104.55879252080972
104.5613316454852
104.5621312023362
104.5656040346157
104.56561810264058
104.57091108089433
104.57823564473333
104.57995960935293
104.5812063110627
104.5858179744966
104.59116614710192
104.59681416347428
104.6012967803457
104.60551171627174
104.61793461657254
104.6238315302091
104.63038468705355
104.63556898152302
104.63852036207378
104.64311925720055
104.64894767519921
104.66143535898037
104.66407948009181
104.68663611601731
104.68819947081217
104.70399902525268
104.71444264944138
104.72186120396246
104.72618001580527
104.72876040970472
104.73531286371639
104.73877719873668
104.74313549869888
104.74443615206528
104.7510493002083
104.76428069728709
104.77278293132397
104.78500066025866
104.79468788928291
104.79920974797393
104.80005760682621
104.801045405123
104.80200300528558
104.80612556448256
104.81605582414797
104.82384809317162
104.82420676276028
104.82499944386666
104.83386744053432
104.83845039289434
104.84426729694836
104.84985116909033
104.85325465259045
104.85465022655607
104.8580721481388
104.86093933887146
104.86589441388918
104.87259900380832
104.88003134073594
104.88015548508389
104.88365470240683
104.88594622127496
104.8865776247701
104.89504308430858
104.90275026820069
104.9052656418333
104.90850828369528
104.90966025938073
104.92500564209674
104.93239252024715
104.93958100896701
104.95867056673076
104.97314899889889
104.9880596890502
104.99098765631082
105.00357265331132
105.00758030453125
105.02492958983505
105.02675064844803
105.03877234531812
105.04005463340697
105.04941095636133
105.0565858639229
105.05662966286013
105.05668498125833
105.05907839016947
105.0726438658496
105.07392410007486
105.08885661204997
105.0971048924517
105.12082646143897
105.12275837595159
105.12601661348248
105.12657944713439
105.13641592980798
105.13686969695873
105.14202273754854
105.1481110433899
105.14971932089652
105.15463719823138
105.15887729032116
105.15889172833258
105.1603857083929
105.16697836738639
105.1700153036645
105.17224243341522
105.17566433757429
105.17571897269073
105.18857567460535
105.1995883880954
105.20762009801895
105.20851468984132
105.20945266048761
105.21763092861595
105.22262100305774
105.22724927453585
105.23066053436959
105.23230206020284
105.23551578857555
105.23788797188953
105.24611843390163
105.25539710094397
105.26439904152849
105.27194746452055
105.27273162662108
105.27923689229092
105.29357547603216
105.29628557686912
105.29817947956397
105.29894118714736
105.31438143487337
105.33557847722534
105.33704985592092
105.34150526888429
105.34592094617221
105.35221568706248
105.35988592579699
105.36513451858436
105.36516790751385
105.36620248984289
105.37581999221192
105.37665657134993
105.38417524711181
105.38704103681941
105.39193448417538
105.39390404568869
105.39580500431255
105.39587558260075
105.39700641514146
105.39957107752089
105.40303736996991
105.40943950770396
105.41271912576134
105.41500441201454
105.4208338991501
105.42884633716714
105.4291796604887
105.43021229016023
105.43121638866435
105.43481056006667
105.43559010548853
105.43622397842695
105.43738367549017
105.44187437458152
105.45366879245218
105.46991544081524
105.47157869644889
105.47735478887229
105.47843349440888
105.48407621326356
105.49388569844368
105.49738798272858
105.51656280765522
105.51960944539663
105.520564292849
105.52098070982768
105.52336374229893
105.52975667272774
105.53161156281658
105.54070586964627
105.54680742280505
105.54826407297502
105.55060678331505
105.5533428627766
105.55372517623309
105.56100851518049
105.56124469029828
105.57146443071372
105.57811802257649
105.58181173888786
105.58273799510815
105.58827946716828
105.5887232405048
105.58937025734026
105.60164991840062
105.60188999636577
105.611248445558
105.61919769887594
105.62247280455703
105.6244032593664
105.63291854419614
105.64017310743381
105.64326948786939
105.66506379578843
105.66606349575102
105.6749990401968
105.68262170000206
105.6897850188078
105.68995839975541
105.69252263071436
105.6940267828232
105.69753860177752
105.71013555457688
105.7112058728935
105.72341659739966
105.7308999344755
105.73369090801128
105.74312786600385
105.74506285612757
105.76037112794845
105.76109435987858
105.76795059099051
105.7680469510286
105.77133042059474
105.77582679675649
105.7760028585259
105.78225343531656
105.79045156046088
105.796573346702
105.80450179584217
105.81068145702433
105.81848762393004
105.82820272605096
105.8368007278488
105.83729296490777
105.86662782480654
105.86697120677805
105.87035375263493
105.87071170112986
105.88192518969613
105.89062553177074
105.89670324021202
105.90232786214985
105.9208547323824
105.92825331288664
105.93995462445389
105.9440277703523
105.95165260078092
105.96015399135044
105.96679016197979
105.98170642970376
105.98302784420429
105.98965848549508
105.99384810207502
105.99674351029955
105.99834488256447
106.00208727136092
106.01184736044702
106.02265068779843
106.03311279830378
106.0355704868612
106.03589238716542
106.03955550010261
106.04240324536468
106.04251701058217
106.04686144170115
106.05926010600861
106.06797616484631
106.06943281099652
106.07525435815319
106.07932767008288
106.08690168263739
106.08763918896985
106.09587169003352
106.10107930621673
106.10187814431005
106.10209653205258
106.10686145095063
106.1099277519106
106.11088976431664
106.11275364194472
106.11840641658502
106.12218350069043
106.12307047379872
106.1255771831947
106.13008921039632
106.13744303414623
106.1663597369499
106.16948668501264
106.17083224448227
106.18890753612486
106.21329584409591
106.22534102574926
106.23657550670022
106.23802878894354
106.24570872443425
106.25190534351624
106.25287911319583
106.2558631421709
106.26065858923698
106.26234839105038
106.26327584687651
106.26934484579833
106.27691971393241
106.28341709556703
106.28621973355482
106.28976995536416
106.29074796094841
106.29148969110986
106.33008613570853
106.34044591579872
106.34482607927836
106.35275602692448
106.36402882930386
106.40336872161123
106.40798375907806
106.41517081096619
106.41798677780169
106.43077981047013
106.43448706589646
106.45475671283181
106.45681854992311
106.45880189156483
106.46454605865618
106.47683990711023
106.49307698455499
106.50471706415286
106.51655971412015
106.52250970630783
106.52535744802731
106.52801345938003
106.56162409308494
106.5741824627404
106.5779560565186
106.58911311253466
106.59300001928683
106.59474446892581
106.5966915494866
106.63220662221124
106.65185129200593
106.65884323125073
106.6597366579918
106.65974585213317
106.66337502723002
106.66958109741988
106.67954278155764
106.69379717581278
106.70107483774979
106.7257539042148
106.72731716241472
106.73372080817589
106.73912637378236
106.75013412694275
106.75345593803456
106.75415380331656
106.75423652808212
106.75575730988014
106.75932361399872
106.77289482033898
106.7739195882595
106.78537297078594
106.78851677136575
106.80099865376096
106.80293098016242
106.8053705374031
106.81193537934791
106.81329020079666
106.81983275678172
106.82992944459902
106.83496705863979
106.8424297844149
106.88257142493165
106.89251077520731
106.89539191801295
106.90015868850035
106.91319351405654
106.91594866967314
106.91866708875959
106.91991082582351
106.92114872651726
106.92987633312323
106.93364988944876
106.94346764799408
106.94690317486355
106.95239174222068
106.96122300827363
106.96190465684721
106.96312864403374
106.96869788326038
106.9704710679179
106.97599754605947
106.97660156990986
106.98181609036997
106.98749868512711
106.9880567757062
106.98863987477677
106.98974629705776
106.99244330688319
106.9949645246084
107.0061600625245
107.01494598632233
107.01681181744392
107.01959520049421
107.02058133454719
107.02274094736913
107.03576964446258
107.06926326377392
107.07227765524131
107.07596299007557
107.07945298472043
107.08468776334682
107.09515480224582
107.09886689246922
107.10743995491734
107.10811260667583
107.1094826911794
107.11841421599338
107.12362651474498
107.12437046870899
107.12742057418555
107.14517318133986
107.14624418046104
107.15534297441766
107.15651535219516
107.16132182245488
107.17049257014564
107.17279750865842
107.17535896520536
107.17775106358332
107.17872162612973
107.17938823938827
107.19135561748354
107.19161006214195
107.19311167552613
107.19473801050874
107.21275734507192
107.22623177596917
107.22921581893058
107.2324767957018
107.2354244542396
107.24871091527459
107.25612630192582
107.25869618902956
107.25942508220291
107.2727161650521
107.29641692294778
107.30180423099013
107.33905882732111
107.352219347116
107.35280690696135
107.35556313964057
107.37563539895524
107.37711346053989
107.38695384376722
107.38907348221989
107.39113801459895
107.39404114891498
107.39883602455183
107.40370507155626
107.41355363491942
107.41423491224892
107.41915714403507
107.41959568683959
107.4200736175934
107.42666800636451
107.43103789335022
107.4331586531436
107.4509361422501
107.45793332213748
107.47428522015169
107.47671598935358
107.4769221311701
107.4769902949794
107.4864019986395
107.49308355754178
107.49412394003032
107.50605048474225
107.51072166096723
107.51137246764534
107.51995891880877
107.52768303303473
107.52972065948788
107.53516331988413
107.54082385006701
107.54348066228678
107.54791452528535
107.55168289301223
107.56711324429958
107.58087808052363
107.58971913092826
107.59005026446687
107.59114219285539
107.59324852241969
107.60395839933508
107.60487150959204
107.61472977374031
107.6153158708561
107.62130496606333
107.62516958391187
107.66076103282293
107.67525454859292
107.68436311381537
107.69215997705409
107.69325732186127
107.70950725113407
107.71037525967655
107.71052957067428
107.72795923298027
107.73106675772034
107.73652193343742
107.73848497198367
107.74720075730296
107.76311886841806
107.76366999645101
107.7651761015885
107.76977829164525
107.77086859146493
107.77118651030713
107.77219726526849
107.78573066829689
107.79224892670523
107.79823225012775
107.8014589457267
107.80447045404934
107.81739889131393
107.81897932825316
107.82053717146387
107.84346500285423
107.84976792373665
107.86291460685116
107.8712379414317
107.87823552433537
107.8810503267662
107.88130991292026
107.88347769926952
107.89427847990164
107.92212868261365
107.92220050371708
107.92295874605321
107.93884025257155
107.94601510636797
107.95172258850515
107.95713092231843
107.95869372280058
107.97011531752439
107.98295957903231
107.98683809651256
107.99389422042596
108.02486247745786
108.02571389608958
108.0404929077789
108.05501538777251
108.05659249099791
108.0600507690577
108.06408233519849
108.06800682151366
108.0872240731421
108.08877049413843
108.09422115883318
108.09704036168321
108.13403341224306
108.13415753306185
108.1512334706454
108.1623222830585
108.17045933511972
108.19512337859922
108.19956908348938
108.20236754264042
108.20894256447046
108.2138028227474
108.22896057326876
108.2322536468762
108.23264412085133
108.24172678484302
108.2469301902308
108.25015109018454
108.25097224928679
108.25372686005858
108.26988623914939
108.27755355253922
108.27841871615703
108.27956903820866
108.29229003811697
108.29792877005966
108.30343288083834
108.3244241403294
108.32990124239575
108.33499663311801
108.33939572552426
108.3487548897742
108.35120159589452
108.35198387586978
108.35226801583192
108.35407026537334
108.36064289637008
108.3670182362313
108.36750331939469
108.3770334377638
108.38389082750108
108.40197069092534
108.4216604536347
108.42476540662277
108.4265026826772
108.42850504040491
108.42951207079045
108.43803043702626
108.44803081694883
108.45417710197589
108.45951598645246
108.4607772467783
108.49845314417834
108.52271068759865
108.52381137323593
108.53148177228347
108.5377610614502
108.53907696586816
108.54709918918768
108.54734828861021
108.54745684960504
108.54811076708462
108.56275187857722
108.56427471563573
108.57401306258377
108.57789489185873
108.58533945012567
108.58742306479925
108.59267131758158
108.59840216465899
108.61666868805466
108.6173018714887
108.63118751984774
108.65119995963542
108.658313246884
108.6612069110997
108.66397662245863
108.68525357967167
108.69297935106685
108.70263010607523
108.70971542945844
108.71706837520668
108.71744409652001
108.72323618924516
108.72342720246614
108.72432268055688
108.72877222346027
108.72980823396902
108.73747423777965
108.74377565455481
108.74618099073206
108.75168452269165
108.77198897306744
108.7723773479631
108.77328118391272
108.77535560807407
108.79210387796938
108.79759393202272
108.8158011288908
108.81893547697845
108.81905320049161
108.82490068134216
108.83500484075594
108.83585341432884
108.84064295347756
108.8422726846786
108.84643562645668
108.85117594720396
108.85519028820383
108.8575015339423
108.85807451526024
108.87321729649565
108.91164938308616
108.91169747211482
108.91677136302515
108.93531722925657
108.93609715929624
108.94349096072823
108.96942445817805
108.97937653586766
108.98821465443308
109.00067169505897
109.00578447269972
109.00996562118345
109.01555174471221
109.03838708400617
109.03902266017863
109.044655015425
109.05203284773242
109.05716334600066
109.07342544737868
109.08371950178642
109.08703578320451
109.08720530466852
109.09228997286525
109.09374695903217
109.09556874185483
109.10512911148524
109.1086580869242
109.11463819956806
109.1417366544381
109.14372685383968
109.14512165419542
109.15613325806639
109.15910056376494
109.160085738456
109.1622817950377
109.16286328534314
109.16291027156913
109.16462776488798
109.17236299565275
109.18317080436509
109.18506200628114
109.19735944958452
109.21129258264105
109.21217137233515
109.21455845205062
109.22191339790861
109.22668790605229
109.22979335306218
109.23434896371415
109.23870537092621
109.2501466131662
109.25320445813287
109.26737290794809
109.2864629420756
109.29266089594705
109.2959155255948
109.29669787821928
109.29741161069964
109.30240559846145
109.3142675623129
109.31766546133686
109.31787668612604
109.3227220413078
109.32864441087423
109.3415411364257
109.35371171390307
109.35783417300348
109.38257390143868
109.38891545765591
109.39647541857593
109.39883081458812
109.42902840626704
109.42950989912966
109.43192343595463
109.44298273476831
109.45257265636968
109.46478865823141
109.47841007334465
109.4895254874665
109.49785831759895
109.5077271702648
109.50801739804757
109.52658083069306
109.56297178381813
109.58156873527061
109.58381657402086
109.5952432039629
109.60020477295836
109.6008820477672
109.60399090733404
109.6049912131457
109.60821784278451
109.6217886504721
109.62533186005075
109.6276191668177
109.62845241277313
109.62977699114
109.6319103442624
109.6342890045581
109.64576586678223
109.64793991008779
109.65157067151024
109.68093592353274
109.6812958710232
109.69170478831293
109.69899217875692
109.7140646417654
109.7142452676125
109.72048824567926
109.73332294740146
109.74852759072742
109.75116888112318
109.76057029890251
109.76163592612657
109.76369888049231
109.770687538661
109.78577391568358
109.7898037446451
109.79878941050222
109.79896342817783
109.8009744445459
109.80124511348109
109.80593646349318
109.80634982915781
109.82118130556498
109.83060787712287
109.83759980151495
109.84655103883446
109.8493086337564
109.85496063147966
109.85861804904263
109.86827900185283
109.87192063046696
109.88518928216449
109.88932552071365
109.8964422230985
109.89885098853097
109.90028406102887
109.90077438762256
109.90289802926019
109.90585502062787
109.91364797044933
109.95863892913896
109.96162371075245
109.99492459585375
110.00913782431272
110.02079517353957
110.02170136577693
110.02197792094302
110.02865288580213
110.03231849009373
110.03337219914911
110.03420221408305
110.0375632410993
110.04846695599274
110.04888123466878
110.0527052902233
110.05848082286539
110.06061492807147
110.06759540570954
110.06778094126855
110.087496572364
110.08789238096608
110.09164982169546
110.09255009669666
110.09398950381865
110.10929423551124
110.11123142737027
110.16039283140032
110.17325082151464
110.17533607620474
110.19225307923458
110.19382113381124
110.20166477424439
110.20433501330503
110.21180636037468
110.21375500875844
110.23883990266856
110.24777887192296
110.25850409364052
110.26288393855303
110.26330817089439
110.2760761397958
110.2797252963985
110.29455122329279
110.29681668463752
110.31048181757099
110.31789588550117
110.34094278242226
110.36060685102484
110.3627700883278
110.37760286612759
110.40187647510572
110.40821961922903
110.41289803214907
110.41850000039643
110.43625831460433
110.44656807510735
110.45082759881689
110.45567827489697
110.47510111855077
110.48970858821428
110.4922304499095
110.5089542002476
110.51308605362581
110.51433332334564
110.52066897251322
110.52804160256053
110.58450269289456
110.58938827298196
110.60856623714736
110.60945076624233
110.61019558145188
110.61055524620839
110.61573550402841
110.61760347214877
110.651703330525
110.65509394910185
110.66311236149163
110.67122002669359
110.67495815966453
110.69073347892927
110.69271161709239
110.69661002778928
110.703905701083
110.70741998465553
110.71600074245984
110.71671496651668
110.74179529555724
110.74794837902333
110.74955822568704
110.75878973289387
110.75960532254649
110.76656393156084
110.76815027743953
110.76884707329609
110.77047679689454
110.77564652964972
110.79058302352625
110.79245001447488
110.79429937663834
110.7952805660985
110.8152625415659
110.82047579312906
110.82522515122983
110.82945693197458
110.83036666704265
110.83663922152108
110.85224811739572
110.86651472283609
110.87798001040247
110.88993164886736
110.9037476720988
110.90672258123357
110.92000822118187
110.92875077328756
110.93219731296605
110.93889296129154
110.94889642641279
110.96815469104922
110.96997760352335
110.98373110319605
110.98786666334946
110.9932594712327
110.99604136251946
111.00095197746286
111.00185635980117
111.01952492955698
111.03239248764412
111.03448446652368
111.04361405580512
111.04703663088173
111.05121092350751
111.05931730531441
111.06916388337474
111.07038762064856
111.0814334114131
111.08364103351568
111.08638904068502
111.09218941996438
111.09254262222098
111.09670234547322
111.09754460034297
111.10252881228399
111.10624926276253
111.13426874432345
111.13867691190418
111.14589117684257
111.15030154027905
111.16004860309565
111.16483147424354
111.1849685311536
111.18507000850016
111.20412683332356
111.20934340759796
111.24408162440612
111.24464146732237
111.2472976724472
111.25678780433778
111.26322780390957
111.26947119843695
111.30061256983461
111.30549922361976
111.3191608749356
111.3224611782564
111.32336162347323
111.32555097565161
111.32744949303199
111.3745179656758
111.37535545824898
111.3951366302093
111.41141065835033
111.43726384508247
111.45667320025093
111.45857517027937
111.46644798332625
111.47297904401006
111.48166085855506
111.49639343966334
111.49943100122768
111.50805620425088
111.51018861363788
111.51074639243123
111.51145672920909
111.51691053960084
111.53663757376358
111.54656395489137
111.54744203190697
111.54994735573526
111.55262422629306
111.55441230841728
111.56554601950725
111.57144804522953
111.57635690065342
111.57645066405834
111.58041024355917
111.58061035320455
111.58715830801644
111.59073546402789
111.59709649560773
111.59724182754607
111.5983194359283
111.61427480182705
111.6199750573225
111.62182316897945
111.62805250941493
111.6281595302681
111.63293590759855
111.64292515098784
111.66360669720689
111.66635458699287
111.6762949799664
111.68764161513417
111.68835769190109
111.68901391186787
111.69861904869032
111.70060690533398
111.71015467773364
111.71020811096433
111.72703169769648
111.73327971067093
111.74202896045165
111.74377713628454
111.77316448224407
111.78016627633464
111.80519858958732
111.81070852720632
111.81790343493088
111.81919317042683
111.82101032012129
111.83550386384103
111.85195366369314
111.88609823873534
111.92039757931418
111.93753125644317
111.93802867664434
111.94040482159906
111.94908733215237
111.95586403503056
111.95965224386845
111.96106163957943
111.96852118663209
111.97536960664777
111.99217113830623
112.00864798190773
112.01176212784564
112.03112175517916
112.03864146847211
112.03975349981035
112.05861340264669
112.0671628446581
112.06763656992274
112.07522006188991
112.09445053766977
112.09603733424107
112.10645184603669
112.12158492384381
112.13213181095644
112.13888024311731
112.14847179613639
112.15783437845649
112.16829345659862
112.17586728557345
112.18173152518001
112.19304561527815
112.1977335879265
112.20039237722716
112.2086009064756
112.2215968980744
112.22926703884804
112.2482266865779
112.25461091365975
112.30624919370399
112.31080946287575
112.31120527158075
112.3181241692327
112.32969648111823
112.33939914045578
112.33953498179449
112.34360982932373
112.35608110424079
112.36997938584439
112.37190735712828
112.37217957273084
112.372849922076
112.3737215537641
112.37439921266662
112.3823721959808
112.38468801799503
112.38580739902882
112.38719203290748
112.3954250034458
112.40436327116328
112.41862049712915
112.42874212269871
112.43065855584082
112.43120320102955
112.43881967600535
112.44646597892027
112.4526324427579
112.46645910461248
112.47071804494847
112.471944554884
112.47946660798843
112.4893419329577
112.4961521519267
112.49633841378682
112.51701651119498
112.51761119365526
112.52267114358841
112.5470103323895
112.59205463722108
112.59758865701619
112.61516860567755
112.62916701968477
112.64279139576124
112.64650357522385
112.65619937348126
112.68274586847542
112.683868345339
112.70296666042479
112.70725277624327
112.73048545848587
112.73193986847237
112.73395318149943
112.73950132945882
112.75392818578267
112.81131913204568
112.81326426612723
112.8151306455064
112.8173266457365
112.83172764829573
112.84993290938868
112.84995623159372
112.85389939917079
112.86284960366812
112.86610395414714
112.88304801972566
112.88944689645483
112.89698059327782
112.91525606716971
112.92604137404382
112.93006070712727
112.9544773486227
112.96192598974669
112.98193463500634
113.00044645294133
113.00577943748756
113.00731996886525
113.0182413525034
113.02044818634474
113.04038475714111
113.07799121836636
113.07951979378709
113.09489912031029
113.13742269996156
113.15409883236596
113.16559265986768
113.17868023174411
113.21374537800105
113.23155244915326
113.23256617833152
113.23800380686082
113.25941703286901
113.28729500910863
113.29544815856748
113.29775673411206
113.29957035231413
113.29983291721263
113.30614704447575
113.31367679327539
113.318164432069
113.32327582316108
113.33535151992295
113.33996910395655
113.3442786851914
113.36362305816564
113.4813683146126
113.48815005816023
113.51879250316395
113.53109271494358
113.54479866739234
113.5587774361288
113.56232167129932
113.56564169711112
113.58160101486105
113.59594506880033
113.59990783767131
113.60457005235682
113.61717015554157
113.63356893570838
113.6675364086423
113.67413163202788
113.67429442635017
113.68435454878747
113.69512058038387
113.69642192778093
113.71380458024294
113.71586938268965
113.72419423073387
113.73180028980845
113.76674540257719
113.77986984617215
113.81451854404925
113.81948413718132
113.82050871827036
113.83969230052287
113.84930786886078
113.85399903264184
113.86111680253376
113.86389478180956
113.87460125131388
113.91167068620159
113.9126387908233
113.94206455259612
113.94808008623248
113.9624151727657
113.96918464495026
113.984550777647
113.98896602442929
113.99810602317329
114.00027231978798
114.00410422408497
114.00863437425551
114.03587362250697
114.04202657635108
114.05853680776498
114.06205221774607
114.06949425367789
114.076914836981
114.0827672520074
114.09093357531773
114.09661798930765
114.11877026473528
114.14266496699663
114.15851326334972
114.16415511453324
114.16632955137325
114.1676998521792
114.19674907043049
114.20737835284032
114.23991154841045
114.24807443157862
114.2796579172693
114.28621275845423
114.29933661705772
114.3067033495055
114.31641857579032
114.32266064117539
114.34679994151585
114.37860689888477
114.38115493957119
114.42768760881954
114.42931320345892
114.43956226072477
114.44488512657443
114.46338015117881
114.46681992733184
114.47034170648647
114.47314042826875
114.48055206061117
114.50868051475233
114.51399123096915
114.51629435393417
114.54323505502258
114.57459111851449
114.57503889517362
114.60939942369643
114.62333761392324
114.63983742007875
114.6729922246922
114.68033773773047
114.70227629222954
114.71101270215573
114.72133849625034
114.72417266946962
114.72713282318955
114.72757061197933
114.7449098816175
114.75101510952852
114.75691387354927
114.80309500681945
114.83052922357598
114.84007110404536
114.90556849868383
114.91793813314894
114.92887611711082
114.96075562775206
114.97342301483678
114.98321229014805
114.98650452968656
114.98718027490159
114.98909824983501
114.99538426171847
115.02654718749669
115.03235611918933
115.05885334666846
115.05996148084678
115.12947952057202
115.1438734814886
115.20403048609212
115.20656668116952
115.216316989132
115.24472315857744
115.28436536200567
115.2941804020121
115.30369432114172
115.38197997489294
115.39067012872263
115.40570576492884
115.40827387422831
115.45769782912821
115.4651153123973
115.51084635185667
115.51696505993081
115.53471978069899
115.60962952943775
115.62524916460066
115.64761429883914
115.67042538511038
115.721703511785
115.72333007386332
115.73060452658794
115.7435767062998
115.75844965381175
115.76766526053925
115.76873795482555
115.77816181587298
115.78812761492993
115.79172915342993
115.80702466275544
115.80926971469393
115.85412793342834
115.86519615676902
115.87145438203612
115.88609981375612
115.88907684573806
115.90461250383416
115.91492386200413
115.93287335432494
115.96581908586727
116.02521400924243
116.04420667428879
116.0628059316339
116.0688887483596
116.08741023921006
116.12098758314296
116.12276450437562
116.1403792590751
116.16731945434506
116.1894712153326
116.20162070713685
116.22117784309762
116.23038388658925
116.27454582318208
116.3108087865692
116.31999538436231
116.33558686669427
116.35434180281351
116.3735743736366
116.37633197480586
116.38869288715853
116.44134483932618
116.45894303354069
116.48303130602501
116.50059229979755
116.51071972523353
116.5174500185651
116.53367015490016
116.54338538690337
116.55600686703752
116.63356986002047
116.64667117593198
116.64921918349066
116.6734781534618
116.68166609761529
116.69248407346103
116.706466139922
116.77928998008326
116.78708484286005
116.80570074168523
116.81794214265307
116.83996028825288
116.84491519307831
116.8557639843977
116.86065837765184
116.86991135827022
116.89454239800628
116.92782996362642
116.9382748906541
116.95560809652247
116.97253186619353
116.97920544950176
116.98708816759623
117.00197557471412
117.00617108270545
117.00970806091641
117.01668139471421
117.03438809228157
117.04720252481528
117.10488109853158
117.11284541404284
117.11755593334729
117.13193895608526
117.1418930010899
117.17642612950547
117.19488792200379
117.2471820636735
117.2488492381288
117.25451667567603
117.29220521687103
117.29726272042396
117.36073151582454
117.37478060587085
117.40890140198013
117.41497933094114
117.42038211303178
117.42935236413607
117.5628557366682
117.56318035655764
117.56636048992499
117.57184895621583
117.5858567867512
117.6666015840964
117.69861475342795
117.74177848055528
117.76887137540592
117.9353432394663
118.01814893048879
118.03587310436762
118.07457172302362
118.08512885895917
118.1326768221156
118.15210372077854
118.16037972910358
118.16827717783428
118.22651186226264
118.22915763785359
118.24769001956444
118.2627157569573
118.27020232846893
118.29422799240781
118.3412522879761
118.4116027921702
118.41243362192043
118.47135677257236
118.52693827387472
118.53543802133163
118.55324734180176
118.5591802933067
118.57967203276374
118.58430748892272
118.58924238627439
118.60992009422678
118.6099522869441
118.61350064499179
118.62648760302696
118.68186017454053
118.74620587374461
118.75988426984084
118.79074720812204
118.83646088490833
118.86786767037155
118.97610397438908
119.03645505460256
119.06218387950796
119.0725999742684
119.12689901063575
119.14158544572666
119.16906699767324
119.17299626016336
119.18246540609104
119.21112130660597
119.23016489393933
119.23343827710372
119.4301052352142
119.49001639407092
119.52893817233583
119.56485269164041
119.58912328524295
119.60832253029068
119.60985345938359
119.6934636849275
119.70660255199914
119.70795989719137
119.71678090583688
119.73442729078016
119.75752673425256
119.8203703064552
119.894639314796
119.93072658326436
119.94483310083763
119.951177337273
120.03603970533365
120.09689228848805
120.1794178847265
120.20578357967301
120.3252711116321
120.37356545955073
120.45641964261989
120.47511697597237
120.50122672150098
120.50867428476644
120.52934531622155
120.56615386589701
120.582707185459
120.58762627413435
120.59539888785345
120.62596491225847
120.64789688955722
120.72921917246205
120.7640829100151
120.8422558284005
120.9041257484721
120.90848411240064
121.03651594057688
121.20678580895051
121.25763697870767
121.26636454519445
121.30682293134687
121.3179954183033
121.34410834458511
121.36196135093627
121.43937860559097
121.46911135027273
121.6115815848323
121.61430213361386
121.63344430558033
121.70695734438202
121.7165172424844
121.73524971203571
121.74114170912745
121.75785851236341
121.78142267353718
121.80521052065987
121.88996801939487
121.89423358893777
121.91770150867907
121.97498536455099
122.00004373385451
122.04408340304462
122.06999546178486
122.09781003003603
122.10704552174313
122.11459137962923
122.13866784537919
122.35823647157525
122.4085645208807
122.44469750279313
122.46502266179655
122.47985596170831
122.48292454298021
122.4881241499181
122.5021535596107
122.52867194362484
122.6032911445692
122.63509982499215
122.82928704572163
122.84278769483375
122.87082652904877
122.9129244147568
122.92972140787089
122.94477986945536
123.14878233175884
123.37913311801967
123.39637398220793
123.84975263425096
124.01433803492853
124.22881248758608
124.36140831515036
124.79603395618457
125.08905299380005
125.34804893014551
125.40644124358232
125.48380877766282
125.59554955002184
126.02697810607086
126.17709094517505
126.37280144316972
126.97161409547337
127.0326530929195
127.05044459640419
127.1707916975405
127.20971382799945
127.3931200137503
127.45098188331932
127.59048069474957
127.70629618273055
127.78928585118075
128.1048760975629
128.23874874945398
128.53838351383675
128.75356050290668
129.11907391023544
129.1305958348964
129.2570859566311
129.66071446979848
129.7354177399019
130.8846754722992
131.10272053518563
131.13757322617343
131.24134287869853
131.33564374278595
131.75469941428338
131.77880747533968
131.80457569976608
132.18915948147094
132.82435877263543
133.25840886256918
133.42858776562437
134.97667887366484
136.43707658988305
64.31782683374288
66.1863268053614
67.0147204583171
67.5146316444068
67.66485859008532
69.13698416617406
69.77799705943485
70.37622412936919
70.48130836604643
71.06070681365908
71.06810548495429
71.21576529500084
71.78942426325479
72.01574500464146
72.25980925389418
72.37448912037226
73.14146856124204
73.38193694754548
73.47559782057914
73.58927827631639
73.85394119299059
74.07341856211272
74.22272694058796
74.49438754689564
74.54070298578337
74.97114446536833
75.0003742161318
75.27942114467115
75.3514286048634
75.37333551887927
75.50481442220018
75.6636727589372
75.69954803884815
75.81007068908679
75.8216149450476
75.9864395598902
76.09932821262448
76.12349819538673
76.18268342151902
76.25177074129525
76.26076774041769
76.41102711105566
76.48852981860847
76.5947356075526
76.65725071593955
76.7553290117499
76.81554812847648
76.839568617749
76.90779241207413
76.96374791815344
77.04594461457849
77.15794808042776
77.18399531645827
77.20949863760492
77.283736069534
77.29832648648116
77.41543936242536
77.47613130630072
77.68874893398993
77.69319394778223
77.6996549996239
77.71485860283207
77.86371565515255
77.90238202501445
78.05200535684986
78.07815228227999
78.18511195811688
78.2005073609665
78.20322164472742
78.21705269153742
78.3129876824055
78.3290905330345
78.39377840255781
78.49580413985481
78.50301415931212
78.6524024661393
78.65646316913339
78.72676754822726
78.85491035270995
78.85958377999665
78.86926944529526
78.87291849534347
78.90376497340235
78.90699499712709
78.91070419103596
78.92212231982562
78.99307651961021
79.09899660943398
79.15760278206662
79.1705166301766
79.17457123382698
79.17906268840075
79.22180481299362
79.3393874140255
79.42953203074846
79.51704338647947
79.74105686704159
79.75933872156759
79.76166108621803
79.76975155297168
79.78132434526756
79.78540173368884
79.79639580840548
79.85083227217427
79.88082742828585
79.89122371202197
79.96316687251736
80.01072491317896
80.0811137994689
80.10087234267326
80.12106850412775
80.19620909074315
80.22374753847005
80.24131004754081
80.28482317023813
80.30823386935292
80.3088346987463
80.33786064863956
80.35186208914939
80.36196376613034
80.36314720284952
80.37473970674219
80.40650770950764
80.4471679432429
80.45580562069114
80.4596793666869
80.52871187357877
80.65319900372775
80.67263676248271
80.6739985919013
80.67596149914195
80.68329260392494
80.73928377891444
80.74362521822766
80.76041388198178
80.76712574226113
80.81755055918768
80.84327323626525
80.85636347281417
80.86937633901975
80.9010687226118
80.9097270571533
80.91948622387578
80.95085946874457
80.97694119497774
81.06062318964746
81.09471332546441
81.11834629049788
81.13441824442415
81.14575148490212
81.16237580799714
81.17467038247335
81.2143189370297
81.21864716007488
81.22033192953813
81.22350771616108
81.22387851061572
81.25564361604694
81.2819191056326
81.30900542840025
81.31792140617927
81.34159050911941
81.3421052005423
81.41345802824519
81.41979245182603
81.43937852961636
81.46795840349316
81.50058851712274
81.5026034241923
81.5202876748778
81.52586154542514
81.5270482899962
81.53671290370042
81.55356980927513
81.56180872534514
81.59035927482618
81.59616404560086
81.59711415785259
81.62719614099007
81.63738603299788
81.67456407797667
81.68263497253847
81.68370959594581
81.68704022290507
81.74562533120482
81.79342779631526
81.8433166211478
81.84514402585779
81.8748430173082
81.87921419130294
81.97110180576811
81.98055260619783
81.99028178546837
82.02231000806822
82.02514156360564
82.09309374230466
82.16746856065245
82.17594931008318
82.18204761053545
82.18619938167639
82.22741426236722
82.2838444205403
82.28949276837741
82.33962517579407
82.37662125237902
82.45113032143249
82.45830210052344
82.49232526707232
82.49345537853878
82.51848731602612
82.55119392234496
82.55708737918712
82.59351589589457
82.59429806262243
82.60116556670877
82.60283346559855
82.60791487302357
82.6131574879071
82.64452988565301
82.68408384869595
82.68976450268534
82.69330107942855
82.70858121606155
82.73490810028345
82.74823930131893
82.81033805964867
82.81093303802918
82.81763718589185
82.86361800888344
82.91577234516241
82.93197994033596
82.9450473654745
83.01362787052228
83.02556669178932
83.03875119706714
83.04833287012251
83.05075174411945
83.05597267332776
83.0567747015917
83.07560041371427
83.08488252694882
83.10946877403794
83.14032881057165
83.14326026919825
83.14641540684813
83.1692643041419
83.17679085274636
83.19002241212468
83.19157495084258
83.2000193110989
83.24091241908017
83.27068685911776
83.3052727232141
83.31870339454602
83.322531406246
83.32469853554127
83.32757300665568
83.34051622130373
83.37942292077082
83.4147586146401
83.4317776566426
83.46508904764501
83.46601601604573
83.47205755637377
83.481418891333
83.48594333025055
83.55521532584211
83.5768963700676
83.58230077876817
83.59667610201635
83.60638310304736
83.66071089980916
83.69271941356529
83.6962376406569
83.70844095222841
83.71418406252572
83.7372329169385
83.78094997202172
83.79437926104546
83.80386036214504
83.81334446280678
83.81458635620199
83.82104495194909
83.84185088299692
83.87026799134907
83.87299482435378
83.92246185231457
83.96196788652938
84.01223599376064
84.04136887832671
84.0535746404186
84.06101988911666
84.06330890531724
84.09240967492883
84.17736962168472
84.18119262196501
84.18322324870736
84.18435205051954
84.22135169047965
84.22776556228837
84.27174970500171
84.272599236842
84.31732968560284
84.34557906472006
84.35821101329338
84.39124730138167
84.40464933917562
84.4070524870278
84.41168415213563
84.424995993029
84.43624262089233
84.45512555260959
84.45665481601004
84.46280103670827
84.48628219923684
84.49405267304307
84.52053144489693
84.52313980144656
84.55963300350439
84.58847526291476
84.60232349127445
84.61992501184498
84.6243427343684
84.6492243536745
84.68066427450681
84.68755969458671
84.69356128455334
84.74602004555018
84.7486059165419
84.75549999946388
84.78780218862138
84.81977346998536
84.83391890189478
84.84105183582822
84.856995332183
84.87405871208486
84.8907124781703
84.93514451717641
84.93778835138724
84.95432234160971
84.96123975596485
84.98207587237303
84.9977231854347
84.99810983517497
85.00472013072714
85.01646470988666
85.08422813247677
85.1047196610661
85.11096476059389
85.11194196724406
85.13492877235448
85.15566165572231
85.1927875790964
85.20968622348052
85.24030279232943
85.24671917176447
85.24735342781271
85.25237212804805
85.27497143328698
85.32472155758946
85.34469609260687
85.35304360560777
85.38118496249953
85.39232317827846
85.39571761726839
85.40039891727656
85.40221700871062
85.413684421809
85.41908549163031
85.43108544344987
85.43996593573421
85.47303818523766
85.47921626555399
85.47955289907104
85.49690493626426
85.50455411238605
85.50505746160245
85.51073487465474
85.52512880046282
85.52829130389358
85.54585099260714
85.54785901526726
85.57715020960683
85.57810415816569
85.5873919386155
85.60427215834433
85.61459001866726
85.61531261821533
85.61968521433681
85.64726995337998
85.68198453729106
85.68234772711702
85.69074630216
85.70275448220124
85.70590021172309
85.71138089204635
85.73495625754164
85.74806055240157
85.7516098547734
85.75637930036227
85.77981212397883
85.79116762413715
85.80037428439029
85.81499030374138
85.81812656275986
85.86420986574203
85.8860609074277
85.8934776409525
85.89669864573757
85.95236071504085
85.95302492455225
85.95652287689418
85.97117154173455
85.98227579638788
85.99933607126975
86.01506462579442
86.01588725508171
86.032390311953
86.04389622465489
86.05222455846199
86.05541271507674
86.08888982559213
86.09235861059693
86.11295554821228
86.11994650020372
86.12818464281028
86.14380250450755
86.15666859941774
86.16395670573012
86.19169831582475
86.21988059751212
86.2202277974199
86.23332878645677
86.24157382192124
86.26586599317073
86.2661355679305
86.27709700202398
86.283949184034
86.3065902715432
86.30759111510102
86.32686471916288
86.33998814869017
86.35433531966763
86.3551959280461
86.37121287706795
86.38634356616092
86.39059807848194
86.39273367705468
86.3995969044046
86.4035829951262
86.44603553173856
86.45584114762866
86.48057023498953
86.50776692297957
86.52123789613997
86.55904509534533
86.56013445826272
86.56733875695456
86.57985779512707
86.6268709742458
86.63155355121171
86.67022535230306
86.71252895095152
86.72130866739946
86.7233458179854
86.73589423864959
86.7399740922919
86.75926693116556
86.77552213620164
86.77656890083745
86.79665467196656
86.80251534617642
86.81699351282502
86.81941748873622
86.827133244552
86.87171783425246
86.87324567598215
86.90311557640705
86.92474561834555
86.9479468281882
86.95253913683136
86.97200598875867
87.04193619358044
87.05096193888537
87.0520815357402
87.05472706691064
87.05531611338273
87.06118942953628
87.06982152697927
87.07800487683997
87.08787523794908
87.1164436177773
87.11824038417411
87.12720597146522
87.12998834013342
87.13431958838035
87.14849301810766
87.18473240118934
87.19408173806868
87.20817729095141
87.20977633873545
87.23744051991801
87.24680795502908
87.24804098619623
87.25049330256907
87.25721504684483
87.26035135464397
87.26061631764571
87.26674010399324
87.2704024590314
87.2906372741375
87.31164920694532
87.31719592895874
87.325293083553
87.32561247269872
87.33548084005689
87.34757968187589
87.37723027581785
87.37938450508182
87.38862393002279
87.4104661726098
87.41133125836281
87.4160109839572
87.41665754065397
87.44534992365837
87.45478100415791
87.46401546591562
87.49279449050808
87.50894845627266
87.5096071883864
87.51746327508152
87.5196129215042
87.52569126659104
87.52577338771052
87.53491791522005
87.54280868485756
87.544547721764
87.56268463227954
87.5751947927595
87.58892005184669
87.59011820814573
87.592205270469
87.5998615165697
87.60254505245383
87.60551093204427
87.60736013261999
87.609183332656
87.62457076858733
87.64347221311085
87.6512920171594
87.65713031889565
87.67285692522836
87.70277052406254
87.71566586501889
87.74823958344994
87.74826245797259
87.75159699161371
87.7519249955609
87.77474355376157
87.77675421031017
87.79531921446053
87.79594683745128
87.8155881840022
87.82405870850579
87.82795630061054
87.83128076366141
87.83221668167245
87.85944301805323
87.86944909639985
87.87184220497011
87.8785790038545
87.88526965088091
87.88540380747497
87.88816177541706
87.8885338053546
87.90037086716657
87.9029024172846
87.90412796017654
87.90586998329107
87.90849690508638
87.92045551271207
87.93118216232173
87.93323035549975
87.9476015166883
87.9492893081383
87.95597261654406
87.96083294067357
87.96186674861401
87.97502598885109
87.97839050199119
88.01102284717103
88.01981962163822
88.02076764111679
88.02656012947989
88.03591500181635
88.04172086399836
88.04622895244023
88.05090339968542
88.05358440347742
88.07631927624405
88.0775971812959
88.08019083856253
88.09043747373707
88.0985906617056
88.11898921236723
88.12199719868852
88.13863925314482
88.14110085596775
88.15665139923121
88.1770363088575
88.18380287795237
88.19086700763584
88.19215622585305
88.19467059360339
88.21394483281934
88.21875865614088
88.22318185927627
88.23613375566876
88.23909512296592
88.24541189387128
88.25287050673604
88.25520982429626
88.26731698265257
88.27852262165271
88.28650148611062
88.28809913182639
88.29016941265957
88.29668714786744
88.29934257516035
88.30418365282476
88.32398769409649
88.36362728079683
88.36519983348691
88.39456069450603
88.4118227185516
88.41876749350408
88.44869049117706
88.44889607359812
88.4521782588428
88.45732775306199
88.48174313150854
88.48387815751856
88.50073709944476
88.53306553483392
88.5349305822064
88.54161263433595
88.56712752735098
88.5706795698031
88.58210602988385
88.58388836791255
88.62565716291726
88.64069937839822
88.64663584927712
88.64676989028563
88.66260557772237
88.66925125139547
88.67388788084375
88.67646973964614
88.6818882251455
88.68197290174186
88.69048449839637
88.69152985361953
88.69701721274735
88.71682000944183
88.72306767648591
88.72420713438997
88.74303292454556
88.74366188033481
88.74418882295763
88.74452948799886
88.74810472370805
88.76318256910389
88.77241016753204
88.77899943824674
88.79087365026419
88.79589792841628
88.80205843228971
88.81294948020678
88.82999860585565
88.84235536864924
88.84888635449842
88.85467539678658
88.86008405034225
88.88280762463913
88.89288135892653
88.89883213544108
88.90685065597731
88.92462284482241
88.94445934218462
88.96717785229617
88.98433412479217
88.99667582613736
88.99676901223513
88.99987156361567
89.02146489939987
89.02291705758488
89.0315246527451
89.03860437435276
89.04600362770374
89.04800455379703
89.04876507198479
89.0525520276349
89.0725200681294
89.09436213197498
89.09646992289699
89.10049976476292
89.10233146935808
89.10525329476273
89.1182340991086
89.12157629683725
89.1238858986566
89.14387301534937
89.14603987210195
89.15049757083432
89.16569018010568
89.1706390058167
89.18362269633587
89.1961845171261
89.20036704332836
89.20101411387336
89.26032240302357
89.26384000711732
89.26904856713263
89.28362596521349
89.29207099825732
89.3103199181451
89.31723136287164
89.34670773054245
89.35260761593335
89.35377341250704
89.3541455062428
89.37153555180655
89.40061459726503
89.40373348131138
89.40804378840066
89.42273740285826
89.42788583338155
89.43270557494299
89.43990324449155
89.4404449801158
89.44647435137861
89.44860799384556
89.45509188102741
89.46593362503872
89.47433913010859
89.49240665625312
89.49881418361369
89.50716231414587
89.51222791752474
89.52609216953425
89.52704250663409
89.57944240674136
89.58384448826577
89.6051877117783
89.60961798469177
89.63254525593169
89.64481203407833
89.64805547595745
89.6724833515299
89.67324429085879
89.67616828260846
89.67745902063929
89.68459941629108
89.68512244929721
89.70271908709941
89.7122179538674
89.71270813067554
89.72481249682768
89.74088150786822
89.74563850833664
89.74840574068367
89.7705783711857
89.77181019683842
89.7780034390509
89.78164711367624
89.80341571217308
89.80544529576679
89.80574867779677
89.8061471656622
89.80819066100993
89.81559000836108
89.8215386927872
89.83368411732923
89.83457006665675
89.83641684560172
89.85142012054655
89.88870808988636
89.89604946995088
89.89685234456134
89.91277048749456
89.91743222460518
89.92324029820263
89.92628327934626
89.9491032092324
89.95346474312473
89.95448625022773
89.95822322294096
89.96428632297099
90.00997643650265
90.01349035692648
90.01885895582313
90.02066041341794
90.02794747758581
90.03042566778707
90.0311806413316
90.07665048897445
90.0826815285701
90.08299687409851
90.09651693428194
90.12226330154954
90.1366971763596
90.14356397412861
90.15283035394727
90.15354703131099
90.1599899440439
90.16479233220802
90.16794246308342
90.17055036445299
90.17090454707025
90.20294269150787
90.20634136494252
90.21507009294007
90.22064215127355
90.22160554803185
90.23347581086267
90.2463303971004
90.24741785029325
90.25118483478374
90.25968613722847
90.26429249932728
90.27159732065603
90.27579432113946
90.29027559468015
90.29688448718585
90.29772819657376
90.3207066022961
90.32271829137319
90.35127916813451
90.35425213831199
90.37292405047837
90.37337659325793
90.38981501203429
90.39084598759618
90.41634530149169
90.42672188600505
90.43241998007825
90.44440598985146
90.44732050663319
90.45164025869343
90.45671091206125
90.46230824081965
90.46291148303447
90.46518553703075
90.47852824591364
90.49581190837111
90.49962408296669
90.53753498511709
90.53889440706935
90.54281033627203
90.54513823150677
90.54832210967987
90.55317875215549
90.5580728230698
90.56869913282218
90.570003292847
90.57774807477927
90.57967614790104
90.58018794855059
90.58427127141537
90.59084684509347
90.59126068138768
90.5923189541191
90.59513865856817
90.60191961246286
90.61604536657899
90.62914307526994
90.63033507632625
90.63048087235173
90.63502765658478
90.63695771014885
90.6443745346921
90.66809441280365
90.67835038548007
90.67932018756898
90.68070505451358
90.68895301095394
90.69222481930808
90.69451483484741
90.69562094944663
90.69923098788793
90.71378969619086
90.71512740940369
90.72556014881927
90.72840884524436
90.73355039889267
90.73515268377544
90.74298949527076
90.7490941308196
90.75251603977951
90.75582607299053
90.7598585557796
90.76628185037012
90.76794558965501
90.7764819067192
90.8026061464458
90.80424822690925
90.80442880070599
90.81316338795973
90.81490543472056
90.8203883025418
90.82731039701815
90.83218636352365
90.84191641319686
90.84516671324559
90.86371106985695
90.86798396741126
90.87321517189866
90.87325500468374
90.87727923117417
90.88676655082313
90.89564584757923
90.90178849759585
90.91048013035085
90.9228277571874
90.93560796120371
90.94460868515313
90.94515346702215
90.94760698585569
90.94831891658689
90.98104232826407
90.98881458944601
90.99510479333634
90.99751478895357
90.99856383333794
90.99866683974457
91.0004683432197
91.00554651888831
91.00944112897733
91.01424074104014
91.0354480006055
91.04275601077121
91.05778235598135
91.0597567340892
91.07375495673955
91.08466963089342
91.0870167213202
91.09625863417915
91.10432866604272
91.11816616561224
91.12097090268828
91.12839501867597
91.13289930708234
91.1364623944698
91.1414415096512
91.15397834570454
91.15861333161773
91.16511512787923
91.16800049943308
91.16965073587616
91.19206911268262
91.20254162940695
91.2133357065577
91.21842929528196
91.22294199843402
91.22895301323891
91.23298188358429
91.23683782609618
91.24950448359934
91.2726122584142
91.27368268076549
91.27414691248075
91.2804360992066
91.28117758533112
91.28187826724772
91.29381017064182
91.29578745320005
91.30024272243037
91.31138218243142
91.31757696553767
91.3240379289995
91.32542495694794
91.32649626996876
91.32763666927939
91.33007147516133
91.33778694532047
91.34761726488503
91.3480905378178
91.35212572638764
91.37281997078178
91.37622557202431
91.39500559643828
91.40410873334895
91.4213931378586
91.4274135576892
91.42763270159509
91.42965759950046
91.43468483054312
91.4395100634844
91.44226098242197
91.4461198827512
91.47168301846747
91.48046110246729
91.49741548091865
91.51760346229672
91.51974309153046
91.52180098668283
91.52706089232905
91.53197655066872
91.53624484043262
91.54674197102636
91.5486181037824
91.56585947552517
91.569139833592
91.57787057870667
91.58340647344441
91.59320832575087
91.59960743238412
91.6027761782353
91.60644644728335
91.62202281039784
91.62905254820163
91.63629494435158
91.64607699659327
91.64767097675329
91.65461308982347
91.66220117561413
91.67235176233751
91.67379206866099
91.67673030006029
91.68451621096696
91.68861902935585
91.69005194079053
91.6953448811265
91.70354371461463
91.72139008227369
91.73267752882403
91.73337049606029
91.73572970157461
91.73642592133409
91.73775492350775
91.76153536222695
91.76669298639082
91.76757457816962
91.78249166594298
91.79055183321013
91.80243650609802
91.819053012818
91.81971661226981
91.82840531081813
91.83171379558233
91.83595597076237
91.83966838624855
91.86048559130901
91.8609568936306
91.87227785702204
91.87261907206599
91.88525118111524
91.91175028158682
91.91827481526323
91.92572383078766
91.94749939447402
91.95287140516001
91.95553917636377
91.96147998375505
91.9895088869713
91.994060627791
91.99884922582537
92.00885199103442
92.02203060797913
92.0221449055527
92.02458563920717
92.02764811873446
92.03287203340957
92.04404718083539
92.04646390738102
92.05352525712618
92.06421102105354
92.06816622329347
92.06906319486669
92.07184778003275
92.08741866475195
92.0886550336202
92.10673917085387
92.1235623322607
92.12844732289848
92.1287341287086
92.13376632744068
92.13844382759277
92.14186450023261
92.14570478677395
92.15325978573331
92.16645062291504
92.17929328329201
92.18279948570289
92.18854201043887
92.18935975948341
92.19069929809565
92.20036967721298
92.20580743941528
92.21169696934159
92.21460434696534
92.21690084770974
92.22650020226476
92.23944336054622
92.24170712949463
92.2450558500586
92.2498485023193
92.26879871652136
92.26988991001046
92.27349796748165
92.29232931445407
92.29671177027731
92.29822003274782
92.30476198610091
92.31754066903521
92.31805837592152
92.32677741835238
92.32748668118711
92.35054502913759
92.35646919778765
92.36140397817071
92.36243020385936
92.36280253453506
92.36976995503959
92.38567375664894
92.39942961396443
92.40767658132653
92.41023320343558
92.41220822837354
92.42383153105422
92.42750362069636
92.43056510427074
92.43156584022375
92.43615883917931
92.43867931606796
92.44862153691125
92.45150584095884
92.4660259586998
92.47135796517446
92.47989135905861
92.4809021158196
92.48337874948056
92.48610662211377
92.49139787070315
92.49221620300743
92.49528259132744
92.49825053815282
92.50177497560298
92.50813023578387
92.5197011081721
92.53081666960054
92.53372378642882
92.5360785751122
92.53611813117973
92.53704150249916
92.54590801063148
92.54930425182074
92.55098131951098
92.55409488295801
92.56850653711834
92.56944938728996
92.57902427819057
92.58377929582355
92.58463087874802
92.58834740505493
92.59265156189971
92.60265268717225
92.60771919474057
92.61551851569384
92.61653425368081
92.62110184603881
92.64324178173362
92.65915567686751
92.69207632223193
92.6976173950718
92.70263404492569
92.70664665018283
92.70947464719163
92.71728628734355
92.72347017597141
92.72968014750604
92.74056658922994
92.75135130746153
92.75287722141317
92.75665502269725
92.76284188062102
92.769450649492
92.77366112580683
92.77540256766258
92.79019472843892
92.7955717270534
92.8047982848952
92.80521978580211
92.8127485314304
92.81674036700777
92.82455243321657
92.83752938136554
92.84195452406723
92.85414354114783
92.86105860101266
92.86610969571028
92.86891147597598
92.88324559655756
92.88631025509034
92.89281201760683
92.89906765251844
92.90131151356319
92.91663600536839
92.91779968050355
92.92349485505991
92.92765388115183
92.931331019021
92.93541252449863
92.93848892562082
92.9476605032921
92.95362200608545
92.980106683104
92.98858417995906
93.00003388079968
93.00722454421894
93.00741346785043
93.01710792000226
93.02416039109016
93.0258884800903
93.02645101806546
93.02999370716266
93.03131915763834
93.03479047219659
93.03924541449574
93.04296496882382
93.04483194198818
93.07306615477155
93.09406922879329
93.09408045535268
93.09546919170444
93.10243627564253
93.10244259461751
93.11432185837666
93.11446036345521
93.1203393541262
93.12616387698384
93.13028242081384
93.13550782807579
93.16694998938756
93.17002162054243
93.17527812286335
93.1790346950756
93.19063471158847
93.19463326664022
93.19991022153681
93.19992413988693
93.21462361996066
93.23111873267547
93.25862846673813
93.27372270026581
93.29855750658498
93.29855988658666
93.31369373377562
93.31463670237368
93.31895785247256
93.32206745804712
93.32863263485979
93.34219449731611
93.3472700173249
93.3484702214345
93.36080740663482
93.36585817371885
93.36917456437001
93.37163373822099
93.37251823393102
93.37655960441045
93.39300663619542
93.39603919291706
93.39956372581284
93.40562696138085
93.40849259073406
93.424144399251
93.43615700038771
93.44558885975403
93.45267975471717
93.45353286140875
93.45858889050622
93.46043466472955
93.47513721201538
93.47908729350178
93.50342221375686
93.5056003552147
93.50785812152552
93.51357216788766
93.51589923056012
93.51752043735746
93.526463611085
93.54018808787372
93.54224567384071
93.54408262455324
93.55000508869897
93.56205581792695
93.56307031075524
93.56937017020209
93.58800355497195
93.59314213670542
93.59478772437784
93.59805510596044
93.63031832567441
93.6321792709109
93.63759372580417
93.6383428747108
93.6391391394975
93.64000841563221
93.6521597610605
93.66211171670888
93.66370492193914
93.66587724702465
93.67772970047277
93.68075344029272
93.69086362805241
93.70002817336056
93.70535200141681
93.71027526876532
93.71044304621772
93.71045705173952
93.71464149419249
93.71866756618647
93.7208902260983
93.72096333165483
93.72177007431108
93.72945421340503
93.72987066875088
93.73315995230551
93.73625171206633
93.74802754840209
93.75621681073906
93.75817616988066
93.7659152954537
93.78362754981299
93.79048975049977
93.79284583327787
93.79618616755721
93.80006175237642
93.80309468204734
93.8035496273274
93.81537293654429
93.83068658844181
93.83750357609935
93.8394703529009
93.84266383840881
93.8450094038442
93.8559641764771
93.85706717662062
93.86783227384106
93.87102722932305
93.88060141393018
93.88091419674565
93.88285724468125
93.89315526589024
93.89355502908177
93.89483694689432
93.91391511930485
93.91652566409128
93.9230713359709
93.92499107179518
93.92635115115183
93.92877999987303
93.9322269545246
93.93462667596782
93.94891033764797
93.95919642643624
93.96311668879521
93.98195079266524
93.98493243497063
93.99412785680902
93.99615042418947
93.99758234282245
94.01432925389815
94.01565716975193
94.02140491266198
94.02379262407453
94.02692434475311
94.0351041705503
94.03776687668531
94.04514566750791
94.06184954801004
94.0661896329065
94.06721985620828
94.07901613042024
94.0800543484155
94.08035040458785
94.08171542101684
94.0889967093248
94.09154065825066
94.0924204021493
94.0948447371745
94.1114636829109
94.11639910185812
94.1218032964982
94.12457679410593
94.12565752086341
94.12889273033235
94.13765780714346
94.14233977755444
94.14365737738954
94.14834922894143
94.14842222914193
94.17292860627283
94.17605057616217
94.18642271512502
94.1899837686076
94.19175202930933
94.19894268865784
94.20497437398654
94.21235053133887
94.21291506823768
94.21405139296213
94.21527293775684
94.2380448548785
94.24361285478298
94.24443015536934
94.2461888194025
94.24655760222015
94.24951634269188
94.24965585385362
94.25437440521284
94.25501857686858
94.25609159055713
94.25847671761908
94.26008304446827
94.26627318826382
94.26668020557874
94.26726517103616
94.2783648960575
94.28013096481182
94.28042942176045
94.28257815839315
94.3090313842644
94.32904153786019
94.35622245148025
94.35720325226451
94.36277531230371
94.3631540476355
94.36629631101987
94.37005314050525
94.37739546721264
94.37840508893511
94.38240500051016
94.388397773229
94.4013575113666
94.41569421634333
94.42102413468993
94.43039132774217
94.44337368010314
94.44420074783613
94.44594210468098
94.46487733304672
94.46706100535445
94.474446636142
94.47722306013199
94.48568256165332
94.49138405884811
94.4943631281906
94.50812177646876
94.50950027545494
94.51814836722694
94.51881808233928
94.53849851318061
94.53911233745453
94.54478857614846
94.54852155197698
94.55416366867861
94.55630830577108
94.55860815071148
94.57015237900752
94.57488418732906
94.57614956319145
94.57854845459731
94.59355811573596
94.5968156041791
94.59861317076883
94.6081863297895
94.6124110624764
94.61434888933564
94.61584440750387
94.62240675304979
94.62427755870239
94.62556788190665
94.63020516901685
94.63171269351102
94.63294058673861
94.64771810308882
94.6503248333
94.67153635550582
94.67174601422488
94.67571827530118
94.68425429306703
94.68644970950517
94.68822266257783
94.69235783344068
94.70385144846816
94.70415922929794
94.71131045474748
94.71700335585797
94.71867681858626
94.72817637577863
94.73019877580649
94.73808802047866
94.74194413743143
94.75214299893537
94.75789955750128
94.7697078670832
94.7857848976893
94.78958149314934
94.7928015929636
94.7988416561184
94.80400162625496
94.83709487375364
94.83804850244303
94.84818318676318
94.84945841916851
94.85739930861506
94.87458527264167
94.87808340407287
94.87981545969052
94.88373481528917
94.88412504313585
94.88618572509236
94.90103722702648
94.90119285120446
94.90833317201562
94.9201641926484
94.92716641253566
94.92785592945172
94.93390716349319
94.95089198311737
94.95638794785152
94.96091772771422
94.969789988857
94.97162810731332
94.99382892511315
95.00794574790675
95.00996036697927
95.01640817137347
95.02687694972332
95.02878646353965
95.02885838851539
95.03351206981937
95.03779494640635
95.04012419827131
95.04447242566937
95.04514015635728
95.06289493941074
95.06909894380242
95.06972799919767
95.07647707957304
95.08070172683028
95.0840245695674
95.08518917533158
95.08597821459536
95.08660557619595
95.08840612000066
95.08864789833221
95.12214948956228
95.13149986180022
95.14017613860482
95.15209115586565
95.15268341831357
95.15527585875388
95.15617175091515
95.15797176148112
95.16174687418268
95.17071035561847
95.17724973020263
95.17764688185152
95.18225104862992
95.18558875774883
95.19011602928998
95.2046544144486
95.21977199375205
95.22293591793081
95.22985317125757
95.23311178271784
95.23739715073654
95.2435947290782
95.247796761656
95.25107645644141
95.25798025015044
95.26400757077462
95.26548351560439
95.27011244655083
95.27292932500663
95.27840222186862
95.29084715622812
95.30683258679734
95.30862258400012
95.30878167487306
95.31534566102033
95.3173115814657
95.32084048543406
95.32915616073095
95.34364287467997
95.3458678528112
95.35015389511629
95.35194473994235
95.35303578218767
95.3689911055783
95.37890679314259
95.38339332136543
95.39174279925344
95.39544845942895
95.3991707807676
95.40360490108601
95.41343501227252
95.41654115437649
95.42158121936384
95.42907558363274
95.43056837704766
95.43131150876422
95.43192404778293
95.43461028012847
95.43508380371792
95.43684266428298
95.4391600563717
95.44305071583663
95.44306483825207
95.4471919946517
95.4493542400578
95.45174490050792
95.45366863818151
95.45406804714537
95.45710359335123
95.45766449779092
95.46105164662701
95.46480812824893
95.471008899268
95.47734048328779
95.48721944341683
95.49355542434819
95.50609380628416
95.51713887020193
95.51852684864525
95.518849155406
95.52382444376501
95.52759667136809
95.53283984881864
95.53373413453134
95.53625338636522
95.54086016277779
95.54747225553328
95.55708240350829
95.56457826019121
95.56568368446044
95.56831859689123
95.56960178846663
95.57503854507665
95.57590069185362
95.58144235271638
95.58778157417129
95.58844219216807
95.58845048274722
95.59296562630131
95.59340174013256
95.59759208267863
95.60055025450278
95.60319800155224
95.60655488725286
95.60924661110687
95.61995573439357
95.63496413974624
95.63884494100117
95.63919739071794
95.64097327601272
95.64972042409165
95.65292500815438
95.66028844427764
95.66296107395185
95.66585921242577
95.68512884349974
95.68805855133937
95.69019477615271
95.69350830498689
95.69624793342793
95.69939965463226
95.7056708745757
95.70683987913058
95.7255520187273
95.72751891804859
95.74823286550868
95.7488521297516
95.75318603093962
95.76084957698464
95.76393216514502
95.77020554524638
95.77300426236334
95.77369115385287
95.77401485825277
95.77618819627068
95.77809709762984
95.7885775494454
95.80184774488566
95.80252873047152
95.80586334411132
95.80948353457617
95.82929048545273
95.84609347409295
95.8489766403619
95.85069604734679
95.85193160894944
95.85609887184208
95.86115105613487
95.86344812090655
95.86387803199278
95.8656506469737
95.86841986077977
95.86966984908818
95.87126363865643
95.876638409702
95.88960371855448
95.8901535116205
95.9024039178429
95.91350860308852
95.91461791229241
95.91466361654118
95.91547639339595
95.93363207703146
95.94183197246186
95.94275733221924
95.94547812781371
95.94720993543352
95.9579390168457
95.9592960441541
95.96328853290727
95.96595423279993
95.97982861522291
95.9847549563374
95.98893473066045
95.99046131840608
95.99551045728492
96.01119611525426
96.01171454522571
96.01983191584917
96.04149797279175
96.0448817097339
96.04949570620163
96.05025806981148
96.05599392830284
96.06251074613947
96.06695893208625
96.0724963381098
96.0735757432822
96.08016098019915
96.08690265554749
96.11168187033775
96.11201998515334
96.1148770714064
96.12310865421513
96.12428470998876
96.12621015304454
96.13912111567457
96.14375453105222
96.14507858483573
96.14535803087591
96.14792665923062
96.15026981407195
96.15088391968735
96.15379382028938
96.15704022372917
96.16254714905814
96.16318993125404
96.1638435522242
96.16573919366047
96.16942655725052
96.17051326574891
96.18125603493321
96.1832097628677
96.19209424974638
96.19281666460313
96.19575751508734
96.20228744064254
96.20979872097693
96.212763202924
96.23462538781561
96.24688081138527
96.24939999830742
96.2609507495432
96.26770031446897
96.274891786946
96.2766301484909
96.27724105668938
96.29794306741759
96.29844192857418
96.2989172812892
96.30062431549742
96.31016764550438
96.31347059625263
96.31604092734895
96.31902362324705
96.31974358164915
96.32275519086457
96.32447961985129
96.32894160842258
96.33711470931752
96.34113193439475
96.34587841702287
96.34687312273695
96.35259137077504
96.35599504548796
96.36000825628443
96.36052665756957
96.37391496022754
96.38546480740858
96.38751664799975
96.40074742997616
96.4017775120571
96.40623181781224
96.4113469237234
96.41170987886133
96.43046952488127
96.43278779486987
96.43984482625028
96.44041477649017
96.4414605320338
96.45166619684983
96.45170056380043
96.4528027121644
96.46522007526285
96.4702556098845
96.47304120919009
96.47913131963185
96.48110525882855
96.48208578729421
96.48333949935129
96.49090859878497
96.49940165838748
96.49976303046402
96.5008397136176
96.5110390611521
96.51186937914953
96.52206154454996
96.52436034823958
96.52481188152747
96.52518199251836
96.53972877388334
96.55408975078691
96.56044571019964
96.56136151858993
96.56160910702903
96.56584460282137
96.58411823578747
96.5841843751683
96.58616786333366
96.58832911802216
96.5929509312137
96.59353230453475
96.59383453871715
96.5985261990823
96.60970981629939
96.62875038715357
96.64165876846566
96.64372044811246
96.64457091134875
96.6479074627107
96.64795677534984
96.65380526246759
96.66083660054309
96.67318614915416
96.67350877544827
96.68015324959947
96.6899741025312
96.70153645485327
96.70461301229852
96.73618382926098
96.7434425961153
96.74790833269846
96.7489462035581
96.7527507395655
96.75602450759706
96.75613374448699
96.76526266581777
96.76571880165653
96.76796373171965
96.77721587247513
96.77902396993903
96.7798889513843
96.78073590432246
96.7841888471948
96.79136652114587
96.79962400894277
96.80145745651092
96.80149565562698
96.80501945080047
96.80798622725051
96.82477992172275
96.83119472578161
96.83150603253723
96.83372673741003
96.837448220893
96.84541151665118
96.84898915753968
96.85222039161877
96.85945186676196
96.86553538485468
96.86599573965186
96.87214796363847
96.87945077915258
96.88466039345067
96.8863656330926
96.89084093050243
96.89576264301698
96.90219282235783
96.90572647286314
96.9070858921641
96.90920884626719
96.91324946410599
96.91329996874227
96.91481240145185
96.93172580864422
96.93259093856557
96.9327867946636
96.93291510225349
96.93616180739087
96.93961467522163
96.94890183604768
96.95438933685789
96.95812733180085
96.96275311798753
96.96394986507026
96.9766616099263
96.98266526795824
96.98316323465122
96.9925883018448
96.99724147159404
97.00666263402002
97.00691651877635
97.00902329219974
97.01072994801486
97.01224899929473
97.01761051390079
97.01847883790444
97.01979748426446
97.02479530745559
97.02737947224261
97.0425087936395
97.04609567457014
97.04870175257732
97.06663971127944
97.07071793785131
97.08604762597541
97.0965140269879
97.10557858341348
97.10780603898844
97.11119247458333
97.12020722657925
97.12049069115842
97.1215641701853
97.12338376761488
97.12478722927766
97.1250451796383
97.1336438659928
97.13616781300689
97.14365796633383
97.14656562263073
97.14824670520552
97.16459811627388
97.16637426963268
97.16838924182036
97.1733668509104
97.17885609241767
97.18454719495692
97.20449258371012
97.2148129800347
97.21573376219558
97.21609479964698
97.2221278401653
97.23326620298337
97.23976952282355
97.24032096462975
97.24194830706865
97.24216344951905
97.24468989287821
97.24479186103673
97.2518268539633
97.25282672709803
97.25566164289118
97.27132270813172
97.28564061274122
97.29141370142014
97.2980244939966
97.30851777378487
97.31721823484655
97.32494532144135
97.3270028608169
97.32808254957195
97.32818695621772
97.33017223992996
97.33040417903024
97.33758121872063
97.34638687641707
97.34793755089605
97.34838178358576
97.35093769923792
97.35284349298882
97.36034396863431
97.36238325174273
97.36280562018761
97.3668524460455
97.3672663444962
97.36837207349797
97.37606281457742
97.39430646670971
97.39728349785445
97.4029276890678
97.40578555064678
97.41876631704756
97.42352323461921
97.4260726289715
97.42985458037352
97.43808178235892
97.44141208596668
97.44717567554935
97.4555863764666
97.47555136590648
97.48249460256604
97.48381350571495
97.48713744688843
97.48995930413886
97.49504582845408
97.50050483899898
97.50900263100947
97.52267640310967
97.52782726999791
97.53315532724596
97.53800080602626
97.53826985578446
99.99780184467345
99.9972892058749
99.99629436758295
99.9960408344707
99.99119749956849
99.9848612444983
99.98329896392303
99.97286472771418
99.96997007845953
99.96549302749291
99.96092591441767
99.96039190645448
99.95560074582691
99.95350791633828
99.94380422720407
99.93879719618396
99.9348551516969
99.93318492108696
99.93302961791696
99.93034308360006
99.92733589982478
99.91249014846713
99.9091355868766
99.90644749657726
99.89083627004126
99.88854236305323
99.88184817269665
99.87858690979807
99.87351941146116
99.87046592254543
99.8690050340949
99.8649802975219
99.86278813180436
99.8624346258474
99.86215449647236
99.86168002142755
99.86055478151323
99.86043008397787
99.85175582795485
99.84042904947967
99.83918532914892
99.83806991779016
99.83461107942453
99.82836133668366
99.82608492350981
99.82035277506871
99.81764186498728
99.81565427122712
99.80280227436626
99.79658914641381
99.79507913733305
99.78980211597457
99.78694195487178
99.78523269820391
99.78485975343844
99.78479520556753
99.78293691666306
99.78038753699363
99.77108490328308
99.75969823200339
99.75723704820865
99.75254822352949
99.74713096726134
99.74475497800238
99.74129324071481
99.73708542822375
99.73532871588398
99.7275037081031
99.72552026495967
99.72309618109456
99.72024223462587
99.71768185001602
99.6891627214687
99.68905445634542
99.67674091644274
99.67230982884335
99.66442298463565
99.66228064510337
99.64843131861834
99.64634707008454
99.63905448487684
99.63728106849533
99.63723350509366
99.63675071176237
99.62760569058914
99.62370051809796
99.6229188870042
99.61791451100856
99.61399647343141
99.60652515743861
99.60541225835877
99.6019200700868
99.59345923254595
99.59158340480643
99.59154580731581
99.59060003469996
99.58974426170136
99.5690878636059
99.56214355156311
99.55547025581615
99.54561636991056
99.52706186253808
99.52327788638821
99.51777397101193
99.5099265125678
99.50514481347555
99.49983071326184
99.48695662212272
99.4847820397425
99.47738347453186
99.47516092184401
99.4726435438008
99.47140077744027
99.46817884097426
99.46330952455213
99.45969821037727
99.44716182678785
99.43914645969885
99.43420871789893
99.42490799933131
99.42426746005856
99.41847135983781
99.41442650987209
99.4115405607854
99.40972985995333
99.40737742676042
99.40093189309316
99.39587222278102
99.3852993561108
99.38502336506767
99.38469567607308
99.38438989916342
99.37358856992859
99.36337717853282
99.36296630519895
99.35854740676137
99.3522857984029
99.34305009773831
99.33736932544122
99.3343012051584
99.33012010596073
99.32640201205145
99.32541237704329
99.32165973312681
99.31400318365327
99.31043559666907
99.3093929382736
99.29589619346734
99.29092936726673
99.2894346412702
99.287704905553
99.26961795290214
99.261145075657
99.26113596100056
99.24922646561586
99.24278777296595
99.23819597153043
99.23321465609136
99.22746391534254
99.22614833956115
99.22327802534002
99.22222352256938
99.22145814906521
99.22128537779489
99.2060967718883
99.20394995456438
99.2022148755327
99.19914242953318
99.19572040454264
99.19413813058594
99.19177912967723
99.18984266727779
99.18816822180804
99.18709111216704
99.18501036559084
99.18163128471741
99.16726096188506
99.16473261055529
99.16435803321981
99.16097673027346
99.15734675680807
99.15206486000812
99.14498862374128
99.13936526317062
99.13752058652996
99.13543028640811
99.13143299554079
99.12175040058969
99.12038271634114
99.1115772650543
99.10666039163989
99.10562820982572
99.10412254243842
99.09801518159651
99.09766992053386
99.09642342220131
99.08008766463259
99.07463238388345
99.06304456754296
99.06227082086848
99.06049713939632
99.0571457936154
99.05522368083537
99.04186303897414
99.03158403667615
99.03145172538362
99.03046724315027
99.02877223270299
99.02828027272871
99.02805554740858
99.02522877013321
99.01639092682692
99.01579005562618
99.015559834938
99.00929734956398
98.99651091738313
98.99046482600276
98.98896919721633
98.9850378046122
98.97466007432337
98.97325616799428
98.97238576869859
98.9675400226703
98.9667705512454
98.96594731941987
98.96488530474359
98.95709780662276
98.95488181205285
98.95216655603954
98.93213006621153
98.92291325931251
98.9104655968156
98.90488024249821
98.89696747050257
98.88857232066012
98.88543408317108
98.88521432084043
98.87904933087619
98.87457073035276
98.86963669417679
98.86257274097282
98.85972003818216
98.85182582404641
98.84821228227575
98.84275211840192
98.82910226423306
98.81357624171353
98.8133478950417
98.80478205110609
98.8042960613501
98.80331857150335
98.80118655749108
98.80081624607925
98.80027913416168
98.79716557075491
98.79486635932318
98.78270706269437
98.779925837574
98.77269969045393
98.76835866971493
98.76804856668217
98.75535204979046
98.75323715339182
98.74946337249436
98.74283702777743
98.73582680091424
98.72026322431354
98.71831833507149
98.7104231281775
98.70879305038784
98.70691384221914
98.70634668738167
98.70485239007564
98.70208066123766
98.69903202137667
98.69890374818046
98.69379222821217
98.69294646323982
98.69084436724836
98.6850417510711
98.68498233471874
98.68398492513093
98.67638090826321
98.66080158332616
98.64742885005742
98.64623070551553
98.63794331697758
98.62848953362142
98.62471766405694
98.6229717007341
98.61920424218202
98.61467237876005
98.61262048007647
98.60768203876809
98.60101582895742
98.58945554068788
98.58573971358778
98.58442723476718
98.58396166497472
98.58087911123702
98.576512195753
98.56273304762097
98.5623554736196
98.56000241825971
98.5530944401566
98.54839770797204
98.54776718687134
98.5439012225092
98.54364616546486
98.54278189499115
98.54232625257679
98.53597923901785
98.5217828012384
98.51502832103004
98.51293420620229
98.50172344314933
98.50156154079536
98.49641404680577
98.49622955804838
98.49126022407874
98.48952465462638
98.4673793608653
98.4663579705033
98.46361309522217
98.46147381283409
98.45739389069563
98.44109085966846
98.43987749409744
98.43959686616768
98.42393402200173
98.42145050692014
98.41654786015194
98.41428087672871
98.41022479103542
98.40444076491673
98.39906020919592
98.38824911455218
98.38726699175866
98.38631302285484
98.38094530445579
98.37772361096232
98.37556657512998
98.36365779909188
98.35625712335077
98.34281133983895
98.33854462681987
98.33832075451413
98.33296977883467
98.32719436514738
98.32711760109062
98.3237556875005
98.3196612445272
98.31450972227033
98.31406892027954
98.31344289790025
98.30183915103736
98.29645877037228
98.28497213546629
98.28206740390817
98.27614581111209
98.2681845645111
98.26468266533082
98.26168241704978
98.25662027535901
98.2552577384729
98.24763312648358
98.24715117830114
98.23362385053879
98.22614147759359
98.22353708034554
98.20753064640007
98.20753043924338
98.19470188665623
98.18929433235049
98.18697577796001
98.18003465827964
98.17886675842065
98.17497204140355
98.16760383672403
98.15294213602682
98.13671884934676
98.13382864207841
98.12074311864554
98.11915042121056
98.11705004523989
98.11527814297907
98.11295485859873
98.0888244961454
98.08229910859522
98.07085699666446
98.06717300992325
98.05953946877484
98.04678805224897
98.04268642657145
98.04034010691667
98.02705255755674
98.02467154112293
98.02142058621529
98.01977634673686
98.0128907233242
98.00890367733838
98.00611768983994
98.00539492789405
98.00120141215373
97.98657929865487
97.98511925701129
97.9731887318053
97.97216395822271
97.9701541739064
97.9606201403665
97.94143128707485
97.93828471206905
97.93777080020531
97.92575781186974
97.92126200229572
97.9097220031598
97.9083443892132
97.90829451353407
97.90528730106627
97.90015090140635
97.89827710335122
97.89732807420309
97.88558449206332
97.88126833183314
97.88015935989941
97.85787404936428
97.85146584697213
97.84799728128284
97.84513726874367
97.841984619971
97.83794494825187
97.82744215547478
97.82627277814159
97.8252816211256
97.8197773750867
97.81313397849242
97.81298949626468
97.81275599912036
97.80528328757377
97.80189804658829
97.79983382933433
97.79837993328246
97.7949427614453
97.78882188069187
97.78248460313199
97.77899158267857
97.77327267783734
97.77180399757218
97.76965795113298
97.76892834252624
97.75395943217829
97.75252589827281
97.75123560994221
97.74245693866206
97.74100244750657
97.73973960856719
97.73503489315667
97.73224989170767
97.73023299361812
97.72517129453736
97.72452958331107
97.72095896339754
97.7156228947795
97.71562206674585
97.71438367635209
97.71377922546307
97.69725753402223
97.69548236322782
97.69204874197854
97.68702408207103
97.68450675155408
97.68411408036576
97.6781891162956
97.67110450034549
97.66323664593544
97.66222267604658
97.65488859234708
97.64391071470426
97.64017295097466
97.63292710232976
97.62817290475652
97.62271915493929
97.61708966776925
97.61152478325502
97.60324153332861
97.60084592298239
97.59490098849905
97.59163771812146
97.57966976982686
97.57848728043828
97.57733408030725
97.57393950224521
97.5737058572489
97.57028841226138
97.56994429959292
97.5687942163614
97.56380346650364
97.5499027202497
97.54562943258529
97.53929776768818
97.53826985578446
