98.99451590631551
95.71004758611772
84.74360537888671
86.69640454509651
86.73561668624771
93.5479744301457
91.24225478265619
100.97310682075468
120.88704105986764
97.5648820605258
105.96554084004438
105.96416499789066
95.59607183871456
96.20702355551653
93.03090097211363
94.07643085524997
77.47826182888818
111.49193237631971
95.08007770128134
93.77411321548831
88.40890435814748
102.2995834321387
95.63298689715884
104.28736093634261
100.67052623438683
102.05855021949178
94.77206791438937
107.45793467505091
87.52936581758765
96.78223482731374
111.07263170714916
75.12965600716886
102.17980205444726
110.50606358578821
96.7301021335921
90.9116722783624
90.85014048523368
93.88279079137662
88.92122047739532
88.91351140078912
114.36286344718962
109.45905620993122
98.89807347385802
103.5779423982371
108.33761972203268
97.060770185822
98.63930577171377
107.57868542067362
104.64494386373832
100.43382277417847
106.00774279954686
64.2226674036369
95.8307655585588
106.0216211486962
110.10792544433792
91.09184819367493
93.37751969829282
105.04700643580767
90.44041710495654
112.27786592563567
111.85265459287858
103.7678664069513
92.79281497326328
94.30851033639797
87.70790062150088
88.29212921397297
100.12095099898725
110.97623127867249
109.79136976876454
105.24602880715888
126.59915059112572
115.0911520148422
98.64513737976412
106.66926153711637
92.95616171251555
108.7167530166355
99.63947575470411
97.81997953827023
86.15805574442129
97.83082760753874
101.77587835945175
114.20776026289215
81.31869371743589
101.48177935748949
80.97810071294023
98.99179829946824
103.69657306846014
87.3014056557287
105.79468514424924
106.17187809550293
103.15945713381801
87.08966954019934
94.96682659909722
104.05036942046235
103.41562769191866
87.27721165644017
96.13162350173118
99.21912845427643
97.70278729603197
100.04044494361199
112.75865108045082
108.44964850609529
104.45705348575746
92.88533139277448
117.39097989727733
88.94886325703297
106.67283703897266
95.74311981812409
94.60892508558663
107.81264360343306
100.95276542464954
103.05840348572707
97.65838580360608
114.93640133307943
100.13655366860033
100.65494043477294
100.02923630157495
90.18593487172264
82.78616311693308
99.52201674693033
93.36413590413581
95.73609462812449
97.93290999926302
88.52379516319195
87.6594577974967
101.99997101829493
88.21021890985494
97.14227759404343
95.79097812440708
102.11384537989366
102.22921896756394
93.25294537615477
76.920178334477
109.34502324630986
99.89498080903569
112.53011877699224
96.13766911887471
105.41897923010346
109.10739934605925
102.68850876396881
120.36125933070414
96.38540696042534
102.53523025239728
105.06509977263553
118.89186459442362
104.27964127435055
94.77916874581598
92.09551613985464
101.92864749385703
108.83805356532862
103.64564554723384
97.00491961390505
114.63431338601784
103.15402402438585
100.81060768264805
97.80011815782458
99.04118437561168
97.22264103326256
93.56624554308549
104.32898955322912
92.97960872412888
105.18099283009522
84.9498665100518
104.56836100656098
98.25979971930758
91.7185055566747
70.51335326347176
95.6706422459994
97.64625716911912
104.78912366320988
101.41012657937118
99.2760333522918
105.82923598165469
102.8209683422774
92.7141233410116
88.50987980081858
88.62006514205316
99.17934805218273
95.43316308834935
100.07342065848461
89.33707609321903
109.22374198002125
100.44710553067542
88.39637936745032
88.62568603638928
102.7994255918583
99.75964305365723
94.2886427652605
110.56662204956596
77.78444182897002
113.85670583416163
106.14781639469493
95.0091558641179
112.67547445826409
105.26989598551799
88.38916659564629
112.75818483242703
101.84029387348512
125.14991782196716
98.81203263013661
103.32555798435915
91.7183008945166
93.93364633441597
99.05181390158894
105.3808683047744
106.93745182642236
84.12045312267949
103.58435918241312
108.65080396180568
96.31660218049605
85.30909488056405
103.97381833967144
93.71626620453932
104.47348675433366
111.66904446797693
106.25669532773297
92.8196415697387
112.42045509449078
100.24184481516436
88.31638630086559
94.69776835538518
100.88895101257506
96.28300758768918
92.62010545871345
116.43088944177964
100.91183867271583
105.00572853969717
103.94726188474657
98.00581093887024
98.0085379840815
111.95216053948003
105.64864399711153
98.57899990804079
83.70055485114116
103.6455596868797
96.60769153579885
101.49359656752252
109.81492983847039
110.93369106126251
106.72403531753477
110.97415888158261
99.50544524745014
100.53462523221401
94.06364794350507
108.79436045106158
95.5287153515722
115.13226168133895
108.11900332736218
117.29642700190868
104.92958446661704
96.55405203953484
97.86913789331584
122.47514745441258
95.46217762704765
101.23880658023742
95.12682421717892
101.90994861619278
100.94207125572983
97.18853496251893
99.33514409592718
110.87051133019607
104.93677174716352
84.67635687945896
120.50761131097751
90.23625751798423
109.51926723079806
91.63202959105092
98.30742034320394
115.57092744347536
115.32484607313441
98.88358252002459
107.12089042620114
107.72273380735147
87.86674180383541
107.92700690345102
99.50569296030682
88.7736067972765
106.20505080452493
86.51024128120386
98.68567830709479
118.60138976623016
96.57735406122525
87.85340021355664
80.4653177528906
123.39565002372326
104.71956743762601
99.69557729911176
103.07985874575093
111.32725777586471
98.52906228412186
112.96672575970115
97.27664260618572
90.36155974901546
95.37191957628781
93.26564771621676
97.68214928315233
97.43799220930498
108.67412510451568
99.43122325825301
101.3551464132018
96.5168123848112
100.17368686709067
88.08605416119677
101.43208974885874
117.31849220901742
98.09682447268985
96.43004988941573
114.07800807853829
93.36414950871063
103.4908121113222
117.4112699943847
101.39531575913752
93.33008112867097
90.02223111736605
99.16214982409353
92.77291683669158
114.06841829079679
113.5329943011998
111.1534456186611
110.67779896466295
90.66330793126912
102.97798292418861
112.04515247376703
97.89720828823386
102.85953118041512
73.50765080279689
117.11974826601849
103.97458303871332
129.9042560928302
89.0644667141764
102.56300758780006
98.74835275183975
82.01240832972141
105.48448365443915
79.97808611079162
96.51514830935072
98.84150050901724
106.25782335036595
109.70975213288331
116.19914767804083
115.7033373703567
98.6272809177216
111.16069292850514
100.06540394526293
105.10547580337233
109.26662987744655
120.50907897611906
105.06130765573262
77.33173186374917
124.93988892194436
99.23326975234446
95.00099440706991
101.39739581702597
79.23818658691678
102.84350271675517
83.34527222756437
95.68430407278906
100.94007114665563
93.05831136853625
118.17536479178116
84.68260878499116
91.07347457977014
92.66154147145133
105.74021767604229
75.13771124870712
102.7103575493135
117.20916677643118
115.8869374428424
73.4976206492774
107.38772457893988
89.89730190586617
93.85733984138142
105.33649573135972
93.20074652685774
108.29527131675925
99.67592121337526
98.84304439281985
98.26123150727166
102.35932443609227
87.1349663266058
100.67424689075534
87.14039149333198
108.55800578093191
124.37365825883998
91.33240115017253
94.98845423991773
119.32549347843509
104.47758290390519
93.70818123043269
101.72836770990338
87.29552927535433
113.60635001029408
94.3698236164242
93.18933327809923
116.03161119140607
89.56540184458791
92.83898472701254
107.57078313683586
82.00537238129012
103.07489695443681
94.07292341599837
112.27882716774934
96.58579693086196
93.38800524913835
106.36436344648183
94.197720427685
114.87294188932498
90.05894141237462
118.74508073947278
90.5966935419878
105.11234803676113
102.32866530225641
108.78787890940058
96.17890757720451
89.70568654218455
106.77307418787296
105.95174321221701
82.06778834237261
107.96877513369469
85.72665291149198
105.14974977096028
91.8146755150513
105.65162045528665
108.43332798100346
102.20389048630376
81.37663873856168
123.5812364265182
98.98927356469082
119.1291705299396
79.21968605615749
101.28880674734383
112.35964558471555
88.60945799794669
103.237465011658
92.75870109519815
95.15769917276646
112.74092756877707
115.42473359813236
94.76835118353108
97.88028905319766
100.44720917351628
100.800807357232
108.32338270682858
84.45996194358679
101.58096254339463
97.49867345899214
101.54967990558686
104.33681347266933
92.98197669003815
97.70467454067958
108.3229817325148
99.62874496115347
97.02544158051579
93.50339877542615
102.3313305430588
112.2117333326808
110.20600533676307
98.55344132555624
88.5661135080602
105.29293107720977
101.98425605917997
105.23037324597881
106.90190794122873
110.39224113938025
96.85774686619676
108.66771267178406
101.93124554894518
89.04324541002102
104.21607167297421
104.04018501050015
106.2689902003684
109.8599799907503
107.84635638973292
93.7683210576499
92.75632724648788
112.30273001426758
109.38403181230002
109.08398152557727
94.29752526011609
89.39983189749591
101.71842712713057
113.66956956602411
82.56116665268037
95.01138889543188
104.08293133348084
95.78765671906963
110.43750147990608
106.45906000644686
71.96324568382062
94.03523337486081
105.81976041721794
98.22480808078436
111.78125349377851
113.64875809469537
99.91445036852998
95.80033415267098
102.08328946454786
84.0304362749494
118.75632925451279
90.6832442943103
97.6687109193392
97.19281692878224
106.63162664684032
81.42851642490615
102.98238235337121
106.9340016146492
94.15891194926687
94.19182306196697
97.86700827299504
98.86384408492701
101.67249200199014
102.87600238260676
106.5643366573775
109.01112276065398
93.22755474227924
91.22265012227768
99.75487345275504
86.1800906909265
113.27520540514529
92.39698193056604
96.99847792304595
99.75944032979389
104.80796134173795
77.15581129544883
91.58275568793393
112.1962860915724
110.96282111472851
124.28272389953031
105.56147547168575
106.95970511408804
97.63719204866345
105.73620009489771
107.07777261824799
114.27769973256987
104.85180594503282
86.64186151233649
110.28175119530181
83.64438352319371
93.12656633884495
85.98982665967343
105.75198204286524
91.04478533572536
104.8372707956467
74.92118029691704
86.63243710161477
103.75548615678689
96.1463336979169
91.4364033309104
106.94907866216079
102.68347148442741
105.96811028984982
106.12136611198393
106.13728566384438
104.73346363851974
98.6086234662776
110.09254599220802
98.47393068860922
101.46647183904336
100.38826060290901
103.57699056801091
104.35181904811968
84.08118433289367
114.28527762592212
106.54656872648816
82.13478974820627
113.89791967445763
91.6311450268026
98.56498532853017
105.55860955349836
88.67264479080711
87.26304174517992
102.13180369516955
95.62239392230599
111.19759793808714
81.0321615721719
83.13179067022958
103.56872956893928
71.97566216686475
108.50876304792625
91.2525387980272
98.56028851465773
88.93972992797875
104.9696927023986
96.79479375785854
105.86434650536484
92.84475568078288
84.15152410754123
87.26829204715814
114.01777187791775
99.87585882983915
103.16921541220924
112.70183949306897
102.78676940890125
108.39531503076424
92.35886129935223
99.80793050550638
90.91072310860908
109.06537556175009
78.61701916365897
120.04389886028818
86.57215906346538
101.98407411840276
87.66236212154503
107.37378307112874
106.0581512369014
89.75618571861665
108.86234815643327
99.40332554998356
84.8851832787131
117.46239959670928
105.47554441231452
95.97495926727989
85.54683653774275
98.50052903937042
90.32495817557262
94.36939307528777
113.84874910302904
109.6552655404627
92.90880865547696
110.90836494259806
104.16803244669104
94.44956476890653
98.72859816755944
98.54421846495484
83.65119695217882
112.68286265212704
99.9007359903017
113.15695741495459
89.48262713901352
90.40147575415263
96.91115968088423
102.77361951414211
105.77768922240075
123.55510468239338
103.00089735813705
107.57523442173145
77.08980100959013
107.279304864576
83.87543515213497
100.75484278299035
84.36473607277517
96.96284076699165
111.93780808228838
116.87501167681805
95.01914207311484
97.37759439210924
96.87739006682312
107.17961325070382
96.99153662212126
92.68196159758003
100.6687909174317
99.57985134103075
83.1219821167768
75.11452895374764
97.09366406931434
87.8010710524001
90.64072504572272
91.35898070414726
125.34667832763247
94.93120532927892
92.38807894296176
94.63767017641257
91.49748470604402
107.62120670365651
90.24158457370591
108.01949886818447
94.62693366649299
92.58263368190956
93.60414095673154
96.21630888109836
99.42800817676192
100.35428022583802
106.74109776226021
91.42442082422373
101.82159756075826
107.68113497908797
99.23323215070809
97.95332509761054
94.20047704021428
93.47477759684217
92.52429953732518
117.91288619634733
81.28988692715774
92.08003454907688
86.98459977623135
113.15912852406319
77.8111084142495
111.07125623528466
94.20092387584249
92.18366951986148
97.66622092013279
87.50325503156546
103.8806864876829
103.1823346150473
78.66683847125896
85.18797238949202
97.57159671747566
88.26789732507235
109.368554516089
83.41653576007675
121.59458001220484
94.67032502270018
96.57679984514914
93.81721270275331
89.73229230946075
100.26227584150078
90.90548369682412
102.26538016847437
118.6121998468679
91.63571812889458
94.79441345417376
107.71657250939047
114.58408042887285
107.57934802442043
73.5081121350682
109.8648750755579
90.11906149058456
108.15410331212964
111.08672543135465
112.01013522797902
104.85729321655378
109.47606189676412
91.76484430256797
91.45615936658467
105.07943813853933
105.02513022175764
94.22771061958254
111.01956250114762
84.15158514108393
97.1974198828486
101.35780424016734
96.27082618047335
80.90807247950049
86.06913138503691
84.26248982975139
92.60647175121092
99.62720288808315
101.24956274877245
97.72133245698868
104.59228465026095
96.83387120642809
102.34918472898777
111.75222506649627
101.24107812132935
85.14930311884794
94.56242353419573
107.37568047572506
116.34375443558392
99.60765486438916
101.76161699324133
87.37565106554109
107.00500243283581
114.30542492137772
86.76442475186687
107.77714659155636
93.19428248655302
88.52219548960066
94.25578512483688
109.95292569576912
104.68902853864228
98.53723681793142
105.44040443253255
93.54553015659704
106.48490328523935
105.23047688761764
119.13454065027292
106.5129805095269
88.5093679824822
95.26975418573493
94.07587423960732
102.0452323603775
98.41635893039766
107.19631677886589
90.334195844433
98.33677222419804
86.98362284869985
87.94763663373966
110.48459843029624
84.10735357501356
112.2293218334629
104.94174437539054
95.9694776086627
91.23537558699852
111.68009883095432
106.23141730360959
91.80120915814982
99.38312317787233
105.61257696662364
122.354046305998
106.41782542827741
106.88033901865192
99.7917815368301
97.67584592488846
108.71926587558627
82.91869362215293
105.3144497935473
123.38906132444117
97.68303662315107
112.38317123972274
114.4866996145656
116.36070635039488
91.76442114553564
103.01987129116262
89.713257813785
97.62960757506433
96.38806047284936
122.9667134126578
102.7958411835119
98.69308829818416
91.27988093868235
116.88731530314641
109.96538177923532
113.12373577846711
108.39311463685793
106.69360849155873
112.60646980776283
95.21568970162625
97.15312599674401
118.27288301695177
90.62770270970927
83.8516703648849
100.81638124271416
84.72571051926693
84.25407935408072
78.39809375122952
90.33811441347224
84.88887343946875
109.81134611722537
94.54610626662762
106.77246680795788
95.40044466329933
91.56747207564565
94.19716373576331
119.72367999608987
109.40044201924314
111.80247450767456
96.22810018773234
109.55771814031478
94.28922085368055
96.412554264463
105.61770830202587
101.68977850126306
119.38767476078127
102.0307734972041
95.38590457354194
104.4807210369178
96.5667438151997
95.06868400209734
71.73524365471559
106.98985301036721
96.8909660600311
111.8272171770493
84.76389068729456
96.83315653741447
110.87238356900349
105.23788000698539
100.14986079389227
91.0699335279331
100.69359590691603
88.61676199510275
107.06380838001583
85.80352433250735
111.43020514822518
99.62363571593404
114.17581464625971
101.7455876587296
96.50634654039557
91.64330208699435
91.99639363414883
102.2280587040014
104.56001783190938
87.67396304646522
88.80029824355262
100.45714602850909
99.2153563304234
97.49393188438798
115.37898388882184
106.55141269804751
109.76672151816116
95.53924000324
97.31716711382202
108.46773922984386
83.75443408935485
79.80915253072307
85.53678535366416
99.09252871737162
95.39538092895064
99.07715613677968
84.85405459419997
103.38084471740972
107.69109539223237
100.1494472268562
89.88458969914547
92.82959316411757
110.42470666673319
92.46260015500111
83.52999733447344
93.7460839162301
96.7901040872221
113.75035323991989
99.03838940214632
99.55107039722341
115.83382641140221
117.3194021311053
94.97683020025956
106.12813515265088
87.85980054373759
94.52063305038013
68.89897219684285
83.02414239747733
99.19393457219329
99.0576931218091
102.40686131025434
104.3592576023351
108.08757365037627
95.6092223597121
86.84277858654809
108.2039946142092
89.70110798705224
99.34339653813029
91.70566412476964
97.6545454744228
108.37590580587361
109.21285095050219
115.27220575485362
106.2090668931004
97.12189501148303
99.76974665168004
96.85108360643807
101.96136283050913
101.32390807444587
100.73132868770541
112.91735017169677
100.15958147163964
107.80136193428191
100.23854704846939
77.13996340916651
108.86243600600613
100.11835857950834
112.69988861703027
120.11596041648582
88.19582666956708
114.60851591250577
108.37958888923478
104.64823311069452
92.86102090020962
112.83071387283047
104.03067932686932
112.0158611983736
92.37607783934743
109.31043095350852
127.60831094421025
100.58598144491361
97.04092944276823
82.63796014276983
111.70032528980843
102.19818246122688
99.129786920676
97.76438968737406
105.62790678658044
90.82071392854205
90.41343087765313
99.85641172374962
96.98966425253424
89.98519248169542
87.61439480120458
119.89503806162412
95.09227265701622
108.81745786716881
98.59009437568535
89.30794708774785
104.15790842051865
86.03908822250233
124.46655677435429
93.63931577562045
97.93929037961112
92.26959501037211
101.10857950494338
91.86581504388298
100.14394610172349
84.799758000949
112.80016747744914
95.04366421485624
104.57203961118142
82.48935111484136
91.32076682962918
104.66115987422752
96.87253940163718
96.99985464308645
98.69877655144157
83.20886499948054
102.96019181707456
113.54558608748455
91.62473993390869
92.32620128413629
96.9400670851871
83.32633469313778
95.37371576775038
100.11415297444749
101.44538183616457
106.03825973341637
107.22142282561825
100.3658057228446
101.66433467385681
85.50071351493847
114.57911927147951
107.29858879400051
110.47761007619792
98.49000471200551
99.7188948350054
85.2490434756732
107.63819991808309
108.43509599726525
98.70278987407502
112.49180479942791
82.1045494552418
105.21014391817529
99.2590136593683
111.46296853352096
101.10796122726138
99.22264152540531
107.98291560407094
100.17574325184682
94.35423382051273
95.12394965106758
94.1695230028973
92.39081614722421
103.70451188873596
109.98145300127361
93.20586332118523
99.08241813672312
102.45214018897259
95.69377754525182
78.74114364168284
92.99918201038508
113.52273078314064
102.05119401568764
84.00544343887843
113.4762438190848
89.39048727526824
105.86929227865241
93.85518321350094
113.86682774065926
112.70249068444683
104.30027476181112
113.41550726966847
77.56377322483392
112.17462555896184
110.94200572863056
99.73639202006366
91.26085807844218
103.56803267358583
94.60244938855733
106.48013226974896
98.36919313511045
96.55406433338719
112.02682790514598
94.75010395604804
102.39378652010538
91.64175167771342
91.34635623053607
106.17688998965762
97.51198346383708
84.6124301432907
100.88759916723812
82.03602046640985
107.93681600566347
102.48702247189762
100.79899669828842
92.15852514211785
90.26477362073862
98.16767567962488
100.93750660162637
102.3273735336557
95.59645005667126
107.17639894332117
96.72056117169187
97.07728600589118
105.6912392599841
100.05481379238536
100.70681298044187
95.31352979437484
89.78421725950564
86.70329150209477
82.8229050574532
108.0972551700454
97.12498795779909
99.42210704226355
112.88877767519182
107.10522679191621
113.98618292865183
106.49596824273063
100.13156381419208
106.82424112185649
96.5572965609882
108.12569788462633
112.71369001296137
86.06168726254516
85.26245092322357
104.41592049806358
94.62850220527845
100.44929189314857
108.0569878587496
106.28919689825592
99.12703750746283
100.60928489108362
106.64347506025209
102.223910513403
99.10724322734808
92.82700772456487
97.45548111003946
103.47667761785885
104.32897510417742
103.31566774529622
86.45519328726147
106.19199504644024
99.85852854799717
99.41400936970354
92.25289728330439
85.11820466989933
99.55681077911692
86.99809518621782
101.9925824371011
77.88491709077832
102.39728581444349
102.23337934761994
89.79310568355817
98.12863233740411
116.98808742654465
105.74779631266875
97.62531193410244
97.45471922864267
109.95886501057697
109.80584142639918
97.98822437674923
97.43245240913744
99.2454205807014
93.06701288648671
99.17249987511664
109.61757435217365
108.85587665855267
94.87392656850554
105.67886726923625
93.20468915184635
88.69336854236536
110.85727514257812
95.86696327121028
110.02698663195306
95.08413331753019
95.63188403063867
102.1983919781893
102.77669569308719
97.8477471264822
102.70815273155021
78.49704703234997
101.69701794594816
97.29430875091674
99.74784932515671
101.6280550877098
98.00127078331722
93.12118765686085
109.33898287169824
88.2950232257877
92.21005602168691
99.98153380532125
101.28575752282438
101.62825089599838
113.00378218025335
107.01032823119145
112.16366261498266
102.28478354696519
100.09467853573832
100.38371954222393
89.30597410591554
102.25643708185218
103.03168408661664
95.51878398582707
107.51366484206386
82.13751224005551
89.23466544168846
84.90794464379613
94.97139410950928
78.50350450672474
87.24349135869062
101.29628256033124
115.84754321488374
90.8022683898536
103.1778548553772
100.25869096873126
104.91912665142766
97.53981452635466
86.93634868529578
104.79714905246328
112.14581660710715
119.12684695708832
98.39867233147145
93.52422155447978
113.31265798058054
112.33553083794668
104.78720848892118
105.60447962854417
108.07707007467553
98.97448114606087
105.02986668895437
101.184244085415
84.52865320530931
108.67747007198044
110.68762308588025
103.4420881517749
101.89707266048043
93.82184864588088
84.64017508399174
102.46420602951673
101.80043308799175
96.54827634298076
86.0719331559092
114.78449977905498
90.25485809499824
90.85030632924457
97.95065910331749
99.8210021341857
99.00919504144682
108.52959382643078
105.29493238099165
85.75181774001652
96.79226018085444
82.68213089807473
101.8772854505461
102.58201554294719
100.3141634718717
87.70323875921724
93.87465488551584
88.83555566435263
86.84506856452545
114.16134542556765
105.30727521640684
102.1612913546273
80.99201940284189
103.03798899120754
97.2485450065291
116.65033605661489
111.73314430133847
106.91563390889043
106.43045152852413
91.23469218226747
91.40530721043379
106.96059159258112
97.98705168141537
97.1190060523421
92.30067678801608
92.41625680136862
104.45328380552436
117.4524494062382
95.94724818075858
115.10605476263842
101.0246298462973
113.76804278421207
83.45783599047024
121.83202675788193
109.52417514143852
108.55631183337175
108.4123785327613
93.10282703106537
91.95009667835949
112.84632389722397
88.02519995278907
86.72766707944645
98.7226468060522
98.34102982206491
83.67658330817949
101.03078004242087
84.09052525027185
94.04316118826814
83.02749370780049
93.69096739959505
84.04045219305681
106.05397215068758
91.73846817414376
107.19913337496412
91.00898282989692
96.96706024317919
96.30559968369779
91.0402877509733
93.25463045259251
98.29823909134848
99.77505583335075
88.50660541559458
113.57406776682056
96.3446461412682
91.526465972905
78.78829826245253
103.53701892755281
101.27368146476094
91.61623888204535
105.59187617459453
92.57214712543738
85.66656949170303
99.9794649734578
99.86660761254923
89.03963833353102
98.10729786896752
99.62104509790456
109.43207716646725
83.20903556176593
111.66121086338936
99.9361938018977
97.65208703252968
113.35818963384017
91.6849415732501
101.19078821873276
128.12481019035158
105.34018757354306
91.23530556532174
101.64917988231107
95.24240672877013
93.4897683604525
92.6211779218503
110.03293760649967
94.1199989691533
111.86282957351239
83.43906795017449
104.11042243357187
95.99932735520983
92.02786479336365
104.63486740497191
79.67556540922364
93.78300095812372
95.9568699042477
95.03959439745718
117.513015578587
90.95920014067556
70.60459155152414
110.63187632688017
82.65175200430562
126.70362763327375
87.52730632145209
103.26455951519677
113.13902104401797
93.40463309459076
104.45053631747493
86.9501117253253
95.83501447728277
103.27999645359725
107.7614040030685
90.1036839421212
80.63130921783444
89.59957637064018
119.62896082745056
102.7352842668688
100.41471714193587
95.73297818904753
92.21487582173651
111.68298764105106
87.95846370553622
99.93735375038027
106.6863671049106
101.20678760033616
96.30048516331631
99.6474836842887
103.10751680772515
92.37317329156883
94.93402164216427
110.8270256163404
98.58727735382053
94.36620490656436
88.80317924545668
103.82531583971272
103.94259301569679
95.93943412087708
109.76959925771907
106.91211896767875
124.90589968082445
92.18768173375912
83.8455856187416
74.73239595823834
110.30626613707258
88.05858855070883
126.78494398419522
89.87593324979069
95.30461597346593
92.81694818112162
122.57700081362066
111.82618405810625
98.47188566053046
96.88940022589559
100.91372968203468
99.47762385677872
106.06358165433875
87.43502509161563
106.8140017354606
94.94678195876334
89.75003723078487
108.12496447339123
98.3408611206144
109.87759966919049
70.1512503310095
98.69935379781585
106.199418213498
99.46981614158396
95.27900035101129
107.94126343852244
96.16992869105145
114.45339145706842
107.79154380263482
99.96013832669043
88.82777232341029
123.57153942646724
105.49179567205022
98.00837902547522
116.56074707679792
99.69497163580088
94.83520959340288
109.61973079617601
81.68551088668173
87.7651314729355
101.92440607419576
94.51290754469382
103.06462354972258
104.65102222221095
109.38917896539415
108.61033451655148
92.38902442780221
109.31627532515064
109.34183925665032
97.15780235850718
93.67501396550429
100.25583905761688
116.63741461935257
103.22187636479102
95.75312707036186
94.5388291893177
74.10068315598231
113.83856327919855
104.89947328423091
90.49541080449333
108.81701256222156
95.1914440756062
94.94495314875783
99.90759854911528
99.59671626750674
122.28233114860684
103.87934303549079
79.44476254582514
111.63575761472586
102.64379311509666
89.98521405975634
91.24588561904358
90.0534751959952
97.1555573648296
87.58752668400822
99.95883271044502
103.6984085662795
102.64357705479443
106.1663246831933
91.92233981407944
98.13760839648248
87.88791171879716
83.95225178895453
89.99410196808608
100.55493673094266
94.93717909214828
80.73545464735581
106.78015898920071
104.99871207706154
94.02532255751153
77.00315346873158
103.70644991631941
99.61851420726502
94.7878993026547
92.80146273892196
97.62650057883003
100.38747053524565
101.73098511909187
99.70193526653554
98.98032498045774
107.85253135728118
93.41179588110825
105.08899629869052
86.27290718126957
101.04688695169233
102.31887787232877
99.99399646296254
94.03618176552756
93.76706829638593
102.82160198171427
81.56751702727321
98.81447508149998
98.16627530950068
104.61861871654482
109.61941229112917
109.3487654121612
109.10903501263687
108.5586840777165
95.94268865998218
93.83323964529454
100.49096013283423
89.9790371411434
81.08287677170532
101.45316770495894
103.05680440038996
113.49581465933443
100.47377111489953
102.39866919450907
103.82295256352447
114.19062860153161
90.63723744253667
100.83328181266755
97.98732364053441
111.66926136147693
104.36043328482415
94.50984943519782
107.11658521427752
100.02796707507225
92.18946328820986
109.27368130681413
103.97504504795643
104.48124132131466
86.14527182441553
99.95192216219216
85.51760972491005
103.52065036612659
115.88168015414675
98.70670616694252
86.92049971180323
101.15689725673356
94.08552870352823
101.91643913677507
105.43774090361423
111.91962252392449
90.46093364376937
115.81726804233489
99.73081995883848
116.90486335107067
106.50725510165796
104.10955388617177
124.76396982671051
101.02088818765709
88.24754923531029
112.1325442397827
116.39030492902239
90.58261288907592
108.37515539925235
97.06084387494398
82.78114006728254
95.56626053296547
105.18689599329993
81.29693090683148
103.88581521702608
112.10961807932918
88.5133722465084
95.93503669516568
112.29663340980346
95.91177072326055
93.24738454709454
88.56551470580807
104.52256836364737
88.42932156945594
87.05566061643653
96.91809113653458
95.30827684643486
99.36722287336625
120.25964223060144
99.16067305326094
105.78542716063721
87.02242342117854
88.56446479744085
90.20498824573775
108.5422945550419
80.90745890671785
98.73289130557401
86.14608534071402
95.72404190327113
102.72449212457522
98.53173563776804
102.23228425958466
85.5647424587844
119.69995797252108
110.51880054755824
98.00532334185178
95.01967182688401
100.87018955778201
105.33386082643057
95.40662323018758
86.47324315339337
99.09449374833984
97.64076572784188
101.67460067923882
101.51431758714911
79.38195667106861
85.64486290475531
105.37401393666353
109.66026644968824
90.34458201616994
129.61971959490097
113.50329464776371
84.25890489186868
102.63037659267084
92.88210335955874
100.60783729124212
118.43304284121047
101.2948083330533
83.56843751963817
97.91602060184567
99.55931046171833
99.286341524676
101.91305919231174
105.78541024609646
109.46688793904353
93.32619556285178
110.4196691523905
110.9143409557638
96.1854974567483
99.20613839888303
89.13152219710254
91.3861244417354
103.59877404331343
107.18009553376702
121.4784977940149
102.91787254351806
93.57718265829597
112.69048326946421
101.77478673871458
88.41482145029767
112.77331197631062
83.55415570641475
101.79412655817893
105.17980425408783
126.60209521028746
111.14212724455251
99.06922245828102
95.46133584392545
115.72360576515848
102.23023491226743
106.71473918169679
74.80753173859165
89.57111682314157
105.43695709763199
122.98198949189005
113.39623317684779
104.32514419090191
108.17585591004249
89.97776756742591
109.10353055779022
94.85241781309303
81.84804525597275
107.69941624898193
110.0775683840685
102.75818825940277
98.10667433798969
92.54825042280525
99.01782557134989
95.0248384695633
95.06885398350057
93.25589099871213
92.12945660497445
104.57906624770642
110.84269041273774
88.99667489778713
99.16609725826726
101.6748681064648
105.76204570558228
110.12947316501679
76.00394245780059
113.05427018789888
90.67653021615416
100.84614451385056
118.99334900698264
86.09992547159442
113.9807964859182
112.42069464438251
93.77215285297467
94.14122663052075
98.49822140054182
109.13680076095807
96.5475431980644
99.07152474783894
92.86973306409871
103.9581115361602
112.60007048308653
105.05047157431758
94.61776668124536
104.88474683356141
93.90068370293993
86.30456013460233
89.98958669184566
101.16272158013919
114.82633836621721
89.54586968508717
102.61099331739797
111.33945871481126
90.32290984119899
103.83795997146657
107.7271114381838
97.28390738012853
83.61672403609208
93.39677102352283
91.77384969188502
87.37399655730619
85.47727694438495
105.1258273951953
98.64776836481691
94.29982471784425
110.77345411397124
91.917135149943
109.17893680602648
88.41727321799176
105.86955615935474
87.05278368409374
77.0183729308178
116.90651533823966
102.22708011441749
103.2771361639355
96.7834786186796
115.46981895985876
98.77989236124782
103.53055599621149
107.45932300609884
101.7279797449139
105.80304583412396
92.89486941538483
91.2996097851161
99.64784400661065
83.54990284871829
114.43410740628592
97.91153789075678
90.66780352605659
107.4703455897495
112.60966447166477
117.80332183565424
109.24671898335644
105.46704084538506
99.4246453596769
79.99899835723683
112.66892377232146
100.37294275650191
85.83163493713226
102.65457151255197
94.19579899741295
95.02523504355295
75.5220125223824
80.64099860227108
92.30568846008296
100.12777575553125
87.7780227147888
110.63589029862763
92.61079982450086
88.01392240548287
104.10640065324463
106.65099585145393
114.41827701212603
100.89647597963506
97.83633051524552
115.07826427497646
99.77897064697872
86.18884715673235
97.56565612433484
106.96072230614874
95.84766158130077
88.246084388887
95.32241437840061
117.42798981654353
87.149649244357
96.91463749265195
111.85384805476362
108.398257720446
101.03769170946518
110.83441351910997
100.36006610785952
116.33966659620575
78.60087726186912
102.81937092957965
109.08321976188246
106.96783503485582
93.45336179793868
105.00190198369316
92.49641695257144
85.79067921062466
96.62541865089231
95.61945634401094
115.69774022470354
101.10403934565659
114.89238928962305
89.37331657596309
84.86146681118618
130.2152673365033
90.88345174312637
104.62206011505526
114.05586997995412
102.78404339509656
102.36359780864962
101.27330544956985
101.45504022067229
97.19547791027358
103.03460198171277
94.08311147765228
94.11758620493006
104.40889048646551
112.89726482843629
97.18386177186203
101.27383786298164
102.85969578038737
106.91009092139878
107.66659869840956
101.9969269705202
89.14336115850107
94.8177764402977
90.66946346401384
115.23500508288596
88.57839057368716
122.86291378072384
101.54707349543595
101.65495681160756
106.20884858289901
114.88933955113208
79.51687251350533
101.2891026135663
103.679121405275
110.29210743966505
112.53673973624083
113.21660045002055
104.22871980151301
92.94011025957184
104.86738108970954
102.3557259351365
98.01543106254653
98.71652123629849
92.03748323397271
104.64481137261951
95.40801063121566
88.41421295198816
108.18814245833697
99.86608778131463
128.979415651263
97.05845909679131
98.8517156189988
90.21913648530509
116.76641341246656
80.63502476524359
87.164550382662
108.06454305923617
117.85203005028944
117.9943322833663
105.14905586210581
95.97456697442543
118.44536557159745
103.23292021239963
80.3623461615204
113.47808636370635
100.29111938718954
86.51619937864962
87.32625396583559
122.2787486446841
89.7843918751118
105.89703009258577
105.72030344285325
112.01368856466466
114.4435255126709
100.32764816287856
93.75449952190522
96.19741526883215
97.3937787260783
90.99127941893347
87.18656888643511
103.66802224009604
110.07239673105366
92.98605264989321
102.1772578166096
87.53140282071234
101.10291344561415
95.94500384801202
96.77545082281785
109.30545331770911
93.67855464877292
84.51064331979468
99.41524894380119
87.75968104163293
87.47773312238625
110.5449468996513
96.47773210591289
103.3959007863826
92.60631637826782
109.22675637786662
86.1718445368425
108.67698264742998
94.57586948710878
107.89866255020121
104.91537982211179
99.11360737519485
104.43924393400985
96.7200447386449
105.9068462094584
118.87512950006348
105.74395546867021
107.0954031012401
104.647508823783
86.38515732226735
91.77086314061913
87.1130751906393
97.76851979355439
92.37406092048113
95.36472554666145
92.47505841287919
116.39181559752271
97.80771515405297
89.1852514047892
115.05581647800287
93.71933744826467
110.20607273094001
104.07435799036494
81.74669523655453
96.83640810120487
101.03642404518556
108.16827239071289
99.81320979560515
91.13789094119781
89.06145277476584
107.91527192645007
107.58630463642953
95.57069979206862
96.09577394525348
91.22932956888991
98.40628596420127
100.13676769179402
105.14344325694125
98.61175612510444
97.42553046984344
99.35184585227057
95.16584110174195
96.59109721266917
92.16192909391121
92.20781170825465
96.08638463470368
104.77305136326419
95.71964216802373
77.07233368440521
97.09176869248418
97.0169564697219
120.02607370959218
100.82209778651442
109.20993453228863
107.01496216646501
118.07983908178008
92.34811086014881
106.46187336178677
109.21633799546304
103.46604655751793
79.46233873309706
104.99297593210281
108.0557986830237
91.01493866379703
112.05641148747662
96.08907811829728
92.60639059208538
108.23673622434514
94.3233137408564
101.95813874131997
104.59106791632428
101.18520317234423
104.86239109124165
101.86563426963394
120.29490522226072
123.84496434358104
98.78968695275202
81.51391552088
87.79413045284113
92.5029732974769
103.96925276234639
103.11021479406313
85.03831026741844
93.82159882684815
101.23415487272862
95.37870690554851
97.6318846592773
93.90463246374034
99.16479113228881
101.45877829454399
105.8124816124393
100.852229741922
99.38062656232039
96.53034175895714
100.39903417652735
109.84577446849977
105.20748345558513
94.24550277385357
94.6746514682209
104.73999047458175
85.11351465943706
102.89546023333216
100.76741041465527
93.2664428048856
91.05969105731006
100.57790319065404
104.33375526639685
82.57007593263899
117.87952183030349
106.67427389502923
120.68760011419336
101.60660112189962
97.51596339767178
71.09092817152154
104.12271460876529
84.77239044598437
101.54495068944809
99.40040315540122
103.02330021763369
92.98550385770713
87.58555713766262
101.91147234271178
90.58750066524837
111.70804996664562
85.78254898363403
99.29108777103463
99.31620456766514
111.49919253874388
92.8143590210303
103.30866159443407
95.42998377785716
110.41074133728289
99.23604743668425
98.77423771589844
96.08013268982302
102.20220998035566
120.83286216202715
100.69683711067397
113.17439139349393
100.97063114562977
108.21771123239407
104.97394136740668
100.1727659497362
101.54838805625944
87.54053161933214
116.1523383168431
114.06476882654651
94.72750182101916
87.27860558425773
127.1453683623727
104.24672366420218
79.12655305247888
99.02638357463285
90.8288641007781
87.00170752062971
125.11655670990125
106.95595571941234
106.06590498166416
87.94918780364029
90.05322316786275
101.16356323476528
92.97597814346906
106.59609685314952
98.77916334291734
79.93792735395259
98.30131051265099
95.34504306153121
94.11792914447767
86.54751458748089
111.09194770036063
102.07762401241384
123.02794742483925
94.10367693132588
97.87868720731755
103.05583316145352
79.47789134421546
80.6428157543789
100.21720435900522
93.1187425496174
91.7339866205435
88.87281756835341
113.08805885001013
95.55793253647364
96.06725417913425
116.39414877131668
91.04782892733674
79.07158904895002
86.19449812655792
94.10928447195904
94.84832856243128
107.8933391777125
99.51751477390366
122.19014496778853
107.74284659946001
109.5492086066457
92.98934221314954
85.78387105446998
107.91727366507989
94.15531990268717
92.35213806049713
114.21805046008603
86.50931939964866
78.12469288518415
105.87665231353682
99.31765254025753
83.35775215108005
72.64342724527252
80.58710622141295
90.8728476678177
99.2653034984032
112.08223009344088
104.39086657590657
77.62053934939024
112.7413376677578
109.4023346947865
97.86230596649159
94.3032527044864
96.97386098957048
111.14846286356436
96.15674852280893
107.61838489702127
109.47002520121886
83.19303148987402
96.04011063357505
100.70962744872946
86.5415865927499
111.66526654186332
115.91346110638531
103.93381588153643
97.29261433941774
109.15554047538998
102.71134890842393
114.59907058030214
107.9585361625948
81.22678310280273
111.31241829293828
90.99713333391497
102.30270226951536
95.42086018593191
117.88630476277328
113.65136693574372
115.64292633441404
94.8847766821135
115.6145790282259
100.67989864906718
103.65054624625174
104.65403246408425
99.61185124830303
86.33122630403238
101.80563691601671
94.30824453449084
94.33953029314712
106.03584799343284
105.71572485344375
88.71637610585401
111.8214913852747
99.44431425283676
91.94193530252372
98.66229012496326
103.34039411792372
83.77667971374854
96.76954716604395
98.58345062168215
119.54757302592434
81.79990901848814
93.57938531609068
102.96951928747339
111.35287985292797
109.60199260574093
127.71949313726014
101.76189367144495
93.64626030542398
86.76124693962359
115.55780990729966
94.10243881853965
102.28430392050765
106.33960066378333
125.83114898777868
93.15568325346766
92.2225682917714
87.16553933130713
85.71062468459368
96.6363052251513
96.23630660746966
96.62619613675118
91.79402807022359
82.0358163308819
94.49706189195513
85.45650142225907
87.87727461273275
113.77340277623487
112.51247175269839
104.9831895484779
115.55832644490124
99.53962156627983
109.94673642997365
89.89938792885438
99.84106395295355
106.46176814248564
105.50795468161988
98.89546428065456
80.9589838044417
102.55582124807356
100.07020815685789
107.62398230900496
97.74270975187798
111.74172381593027
97.23804390958473
99.53293555002459
92.86974476293169
93.48234145833345
103.41697894415181
84.25372884365179
114.75927418061937
103.16462491488832
93.01091631940488
93.20870756612801
93.38298474464321
89.32131146711457
92.6465936902191
81.98125224837499
117.85353536622989
88.48191663500478
105.4327470121147
127.40278300906282
86.63955247326277
109.122444016765
115.64934237628282
107.80963698642114
121.19336792805656
99.94997860524856
107.48019473161851
108.38766767461824
112.90708443964624
113.46429266759417
105.24684224477387
106.38915621745622
110.4204146709741
96.31633995520441
100.17316478125011
97.16958198572019
88.17930686102085
91.55169383946622
102.18460084212626
85.15410423983559
102.9510455980294
115.06175299170694
110.11530599567443
93.48146000687458
81.16175333230812
91.86391383073305
112.3045542771585
79.32136913723872
101.34890097695592
89.78721214938625
104.02889696799218
90.7932263832391
94.10599685662235
90.21235684558437
92.95558852021296
108.52415559793612
85.43868286318019
99.70476456164732
98.67329939168683
81.18166711839665
101.80214559142902
95.78939839346852
110.40142215361385
95.05475510161926
104.26520908709755
92.88234886468277
97.86672175991755
95.89331541210412
98.74477758690999
112.11460057567493
95.25855290969307
113.79765633091291
93.94886629465621
87.65658036725384
123.90080276810102
111.78787693501403
102.83842291880865
106.4643485627927
101.03369943438958
100.11983668512413
87.18953899201371
100.80765512212466
100.96932285465861
120.47755520890122
106.94387032786199
95.10002791509525
91.82897750889954
95.91417294770653
123.73616246659005
95.49107482613968
119.45478785056419
109.72140660521386
101.79044254961204
93.13050659550605
98.23723414058867
100.20511733334527
88.09047746154783
73.53439054205363
99.63536989376787
95.26861441829472
92.43708331688464
109.4442162713247
110.95715295044124
106.74893561363639
105.22798428227355
96.57711559565938
102.75549209468625
99.41664378016257
93.5013644414419
86.99255715283908
95.3159763700437
125.94367002029848
85.82654080588622
80.67679607373171
80.02730731056728
95.0136475092002
94.36760543062393
93.42556155099827
114.57190771273804
100.24406288244171
92.62221336511186
96.79531283403364
106.92212763221868
101.17158541450716
99.92521725584498
87.50898181784189
90.15725214639733
109.14548008012295
90.94834902916422
91.75415368251605
99.04996596479623
110.56785663223573
105.99624933458816
110.58200778409127
98.04312102449147
100.51967230535918
83.60248030747024
99.28734400722746
94.76590983484276
106.82741505671675
100.01029762951832
100.96616653611352
91.59958469278294
91.22454143088596
98.36675639524465
112.63704756841763
103.86632995444221
97.86379126271773
97.4808316092087
96.26320333494135
114.7089281916801
88.42921299437144
106.52199500343787
102.86921188656407
85.08150032361512
98.46030643384336
96.93018815056048
120.52000839035189
92.30680209410015
106.84286403456441
92.3506016326844
88.18105495122121
89.86146185955579
102.64869205783235
94.6294215574128
90.47430445303307
107.87384454346652
111.95520353026174
112.41351432836409
112.14365986341102
112.8953963260937
116.85621216385776
98.89045838497798
107.09173394563483
101.97195198736756
114.13732398502367
102.45859848182143
110.53521421122352
102.59214339615221
98.73953063188759
105.02027684526867
93.69928221841367
99.0257520591238
99.56222006073664
98.5309551429594
107.01731268189933
96.16507610919052
100.03214813420315
106.23911944686003
89.92328770053885
104.19012276663636
101.57317917690023
111.77817420270665
98.3913370625573
123.27064367370028
118.4615044115881
100.74980025763095
108.88283094413715
98.05388784799082
95.45065935499619
87.40719301124523
93.09640987167373
92.21961056260474
98.37433574884443
100.51075778699492
96.73489215534946
94.92355742428676
89.37350853313391
98.97978337478654
116.58060823798459
97.78569467983242
106.10510911781559
101.69706373579216
101.83306911639374
112.94852831047585
117.44638665255671
96.49650638441541
100.76745535752727
102.30299604528908
106.26652105169549
86.63391210473586
114.30859072430562
93.90653546442385
120.8524587538754
91.50718011056618
100.8367623829515
94.57897353111501
81.128278240538
106.71660566296607
105.60804541233311
102.41544350634966
93.08577372355411
89.30450413534219
118.0223999279183
99.67713220263354
98.2779469899493
110.0853493981871
102.02946962683833
99.32387043224483
93.74655847061346
97.75823122572515
117.22871548268562
83.78729576579184
98.16365119150824
98.15300135820962
97.53414780952752
99.44075723112276
93.99605266722982
91.24157990922816
93.76673320629708
103.64189618346636
104.48731672340672
95.49645735527072
109.65615751352335
92.94840386496276
109.10361225351467
97.36950075517973
90.81739551860166
100.68211115726471
75.93240035236549
103.63619176009755
101.57809327635732
100.97106388652456
91.48763643683276
91.71007398517013
90.69485963029597
88.64962113939964
98.14146330593957
94.34753427651056
101.25591321546808
98.7856687094114
98.8461833371142
85.73948978389363
100.25973924937745
85.75760760223062
101.37482137190362
103.84569728997016
103.06846401684648
102.08338252901663
106.7033480383773
103.29093279041827
113.52664022846963
102.9084493743314
99.39713899519305
97.11751138555155
103.14680032836763
94.68914609441887
101.95857862765362
108.8135217685334
112.69476106175807
102.45552177606315
97.81150656022442
85.61369166399642
97.55668695182
103.10435169556833
107.62007213974688
103.81596871121945
99.49741675638057
112.58157426638806
113.16580323363763
115.86805335850121
111.2460077362347
96.2683705135699
105.77747747727453
117.43637776139673
94.50953001251227
94.19993726819202
87.33284333083417
115.57815953148048
88.90581178032065
89.03105398383613
98.3817052890817
114.15143347112235
110.45300907835042
89.26523662015884
114.31658393650592
99.3029806759524
114.62768186254912
77.95617242938923
100.9558800534045
86.62540875054897
96.90113405406278
95.09108780386931
82.22611700024628
98.61060232103404
105.406797251767
114.7861552312222
109.89992098003137
111.17218677983092
94.15782442122962
89.80994356184469
108.1209444703597
102.5971190327017
96.9397516989535
99.91885121521528
91.39611338222377
108.89905420535663
100.48885189111753
101.28810956470114
83.44262975068595
94.4377272181171
96.36293048376908
104.76018611642291
92.81629638634266
113.29514171868061
95.65208346445803
99.80247303519978
116.5974363155122
88.05261170968203
113.20229023049575
101.19260928465758
108.00199171587377
91.20597798262736
101.63555658407606
92.01242188893006
106.19613799676439
89.2444910600289
98.38959569164341
103.98917159925446
94.10305784622584
102.54498601124891
99.35718804433796
107.90071507720714
91.92102025274428
95.41889733022424
93.0973164041294
85.01132228564174
103.03592901222108
101.21724096178112
107.14476084804662
109.16991755048369
111.63542414328064
95.47064123797465
105.84514830785166
84.27436682129058
106.32730951785642
75.82054326248331
94.7739063706167
104.13417149266321
89.16981091248432
93.94920453480499
114.86311202178936
86.94113476780124
110.34725416685805
108.60951322409737
102.03814632981347
105.0335803183445
95.80317761859567
87.69555150242465
105.94221336842655
100.36256980659323
96.6166982259052
108.08137989677238
103.98488189222387
91.5199118840392
102.7951550264861
89.15393251779008
109.28088050216236
100.32512746562438
104.09936669538835
107.85751966093294
101.80018785302286
103.25020171977997
108.10445195928949
108.92421977916999
97.99155942403242
106.44759911577438
90.12265589991658
101.101149697101
97.72045172994198
109.20744859045467
103.49210207545502
97.12418617133818
105.80831465609954
110.85455310919005
96.99174545874489
96.0820166818111
98.48740128581782
97.83210188758076
102.56053493981791
124.95686515119655
108.45706252821236
95.96712663807239
95.9415391080043
107.70741717233444
101.83468900084787
110.4711524083785
97.46836237248304
109.4005408059707
101.80559057371374
106.31685580966314
92.58027669795275
113.40008343961472
97.36700771827101
92.78629309435293
102.57429323560483
88.6071402099653
106.4979569596585
101.58482071623044
107.22406586586342
113.42936228250375
102.67025370668426
104.33169004994876
102.04070232631096
94.03535017926487
111.93329663484391
95.31206596120876
95.47247548571522
105.33943009089373
86.94681639860488
97.66720763167429
107.27833914737323
103.36071304887055
83.56333216637042
66.11820176082828
96.0852870167995
88.80232880427003
89.21476945163009
90.36222169661924
96.4215067513537
112.15326404450313
100.91008827851502
103.20511397397802
108.30705738304223
87.46324507198412
95.2631241468012
101.66347764484233
105.36989019940933
108.70068615388969
84.74886045854291
102.66895038027765
103.09033952244825
97.89510283923939
103.85780095037057
82.84945782742653
111.78699699752354
108.74230365383866
110.94423989191843
114.41578573991322
93.51247014011115
97.29938035042966
92.53709066125265
108.59215202675304
113.44552014903311
124.42666866137043
100.47716121199235
103.82847716596619
99.65980416759514
91.26639036572911
94.07828228706781
99.21181713703672
96.81572860694895
97.34354240859152
117.67984313856373
91.60097427680452
98.78995122451559
108.13165230672195
99.3249290050933
83.43041949423558
92.72850578459055
102.9699860772561
81.54073506085676
110.99279999545556
89.13345132239938
109.81366659384024
98.12278492699747
87.65797999493174
95.84878870118615
84.8266906985273
91.43174162663988
86.83654003705372
85.21808409675953
77.17154641002347
115.9696397109756
124.26703822710465
90.84401616347691
113.25678196499135
94.32072345483009
123.74716033128414
117.34821367627444
96.36739098467217
108.78233252442361
114.48041953538015
95.47042038323147
101.09954931854837
100.18093944631673
110.76684134613527
97.01050765640174
100.28811310467819
110.89046700601006
96.47307993587644
82.46859414786613
88.48582937860208
102.2646961686612
87.19507944158784
108.98820990363834
85.24912560975659
103.50616453263974
97.75954769596716
89.30961843207503
109.98847739482079
84.9903739618247
84.29278400482653
95.65190134260666
111.26373691492839
92.78165078604508
101.60001798860216
107.86831892879333
83.32679965373673
101.71166867627456
102.56718234079035
117.07972821626565
101.84276865078824
104.68082207704168
125.85786202795556
114.08006256694165
95.34951160293441
119.84534954710682
98.11904080738678
113.53297619361582
92.70064169574889
96.75730434315483
103.52369911364052
102.30104453441687
84.23049401851728
106.75996692196796
102.87811024993096
107.19274418818523
119.57591968616039
96.9477986853935
103.32160041882094
115.40612362995124
109.09104560481767
96.79598173289149
106.79686563154561
99.67430918443902
99.63245013609159
99.373954788303
102.22730924268015
108.4480646789279
102.12077402923519
103.36256671333136
97.53202912818021
89.46012446689488
106.72301530958329
113.72685170680374
102.46906812445914
112.74508214888606
104.87846285470519
111.76319974284841
99.73734132072997
102.60060974420644
94.78184054659147
100.19636575459131
93.65090722444809
79.24860528926362
92.38178197764914
109.13836176911506
110.84907060783617
101.085882109125
82.08522035295414
98.6539889825025
78.9820155935357
92.42373385939054
113.18036832724574
97.29152303734229
96.90300023752017
85.83481504731365
106.99314430253693
92.26364930131352
89.05878501968972
87.64518506318448
99.05803583993803
87.21970314692649
102.61189414367429
87.18851210401044
114.80515214546197
96.8143508137434
91.55998841742411
114.3720700069401
92.17900550926335
107.73237857434519
89.49956967946065
107.7431753256275
118.21889751084056
97.18306247224896
97.7738011225769
107.91692704212494
82.18704391703649
101.14140041285103
101.2304092404801
92.30605486700092
114.06176330992714
114.29071759544726
99.84825428507814
104.76868426926013
110.28264242018793
103.28318308956939
87.58655611083421
117.59137689826011
113.31988512416432
87.99529829132535
100.22309938098783
105.82460869952007
102.34445414787393
93.5232329462265
87.92268231681112
94.6447848201157
110.34977250654019
106.85043577867312
87.02120588391264
91.89923051874761
108.79811872911982
99.50665855198653
120.33305948811932
85.06403634518512
94.78048427719338
99.92678486463898
90.96433234809061
116.393387892688
79.92432620099021
95.63567042559616
96.11118019734103
89.29562973136242
92.66053905252365
93.48377172457543
115.38352144836674
91.68330731754418
89.93893844724545
90.40805093294362
92.55592270696542
81.5553943962763
105.9669325558878
105.27774423494144
108.97177193637805
112.60256533804055
101.6708555564535
101.27218866269983
97.95900438357806
112.28436263679487
117.32624005749474
111.04307086174849
89.07178699095626
106.77791760903786
124.22069229999636
100.07630429695425
99.04096861478438
106.7962097763224
99.75819110233898
114.2479534410616
107.64806169798794
103.48668636619136
82.73574510099867
79.86642543670072
98.01478008937458
107.94574951479825
112.70883260403339
93.39249483647421
102.19602144559799
101.76276593564143
110.40014598208117
101.92097629599361
103.54142580219117
99.52545068787816
79.9122232360138
108.4069287179364
102.87047947921968
98.89512402972427
102.53054147914648
101.10398905335398
99.87115585504495
110.54143072976893
82.18186037182063
103.34450986722835
102.07394411064945
82.053448150895
110.61619397949829
74.38233060722318
104.30302756029104
111.08203954873437
111.52959876463305
100.05164277632065
101.77362719499337
78.39687499491026
102.40542926498671
112.88381366461591
104.68273596047594
107.55304499000937
91.94614662604837
115.13450961199511
85.83001193811866
85.6534724195508
112.7481731646618
100.49000660168926
110.62434856228582
110.87905916276351
78.773528387706
91.33917495777231
112.09657391613453
97.4037910259033
99.29438281190725
100.96371308709216
87.12654873438116
86.3421433803129
100.19590504290306
115.47095598478228
84.73284983723238
95.37194481555484
89.09242956082335
102.41350390120067
104.79924534593253
103.6432845354453
105.31473336774043
89.63976506190119
96.581423936921
109.439179158907
78.98084081140213
105.01027209214385
79.75630395521934
121.3312187192181
99.0350661686263
94.4137905220424
81.3216975084716
104.85687451824928
92.36366304162712
111.74927485133205
92.04093861584701
100.27003132862541
97.58832108488849
95.25353973053937
118.66220189968405
92.55438883556893
91.21440561333105
110.41937850497611
86.61401919872883
108.2674149502695
85.09596318941438
104.84666593831645
99.11493821009994
90.16495665384541
99.33055128821188
92.62307475880506
91.34720255650463
91.38534446841713
110.81314411415923
116.04686075384423
116.1603069457721
109.80412581558647
103.71343414457853
98.12772981520247
86.96588300053108
87.34319535419846
93.44565340973568
92.62085943366418
101.95523073282247
100.45495067991742
94.94291874353122
91.72145093041826
91.4502009522489
106.38749046190306
83.4969778850313
92.61402399847127
110.07821557495808
107.62741985427962
97.62974556911418
81.27202229903945
96.32070873688572
77.55727158173957
109.71702795866612
97.82335788836944
97.25113190544697
107.73171809309578
108.52184398375856
110.59553331917631
112.91921307443558
102.85629784062071
92.21698418366944
102.09871764297394
92.78721586138147
99.20742857265805
106.92451668202304
85.37817938825538
99.7358072528923
87.702263723495
102.57666382458481
96.1633472688592
117.42809778415142
102.72012810767448
107.91141740320049
94.46994786903615
107.1727440422275
114.85314761252127
99.13587468046771
79.33024126286702
79.33264353686968
104.42462810642387
95.50896050688692
119.47069595959383
79.35635051515078
112.842257793508
83.4662611214635
98.24839051457805
102.36305668849889
111.18049563304056
116.94825045523012
125.14862439374522
115.78165282868679
104.09316210755395
98.40307478671353
103.23750149175457
111.90537322700195
102.02160581688715
107.12610949202778
109.5302553363146
97.87261527825181
109.69450287224933
107.92575979693373
103.87727597337823
93.01937638342514
109.69594496233671
98.84276753553078
107.58744550090798
81.51208875576656
97.73212018271896
98.5082169598338
110.82635917049133
106.0128463972048
110.4336807760759
113.476147956888
101.02950068366574
116.51931441724028
93.77040203277997
93.06211687506196
99.71091351306447
96.73421615781848
100.46763910304456
110.14697794871843
87.41946077316862
109.13004606449111
93.13726656045908
91.33813381917561
99.51645104693365
97.26479082101481
95.7719788162485
102.47519583126241
114.44665431652125
100.87652358077695
95.29503055645732
111.91467605896325
102.34840738918959
103.6399352634466
109.74688095190096
112.12937622005904
80.3397016669183
93.59342875778363
93.7673955089977
91.70858016561468
88.47248237694497
111.37399708379222
77.12196746792021
90.54085767385187
81.60244389572429
97.94588047259684
86.55460715634587
102.1314783059966
104.99496365837976
101.82101246342944
96.53460027409098
103.62825767696911
105.93102884063646
104.24488469472553
115.95960206554808
111.87005688257898
107.78505324730361
105.613753994474
108.0541277346293
97.46061484760877
109.12534765252244
99.15118821686075
119.43918037684492
95.5456609175438
99.03352976741087
90.7415692898544
101.50369180239147
116.29558290294896
92.22610611965246
98.43655031411562
98.75010274914847
94.56141749240386
95.72173821310432
89.66103553298596
93.44929283224667
96.28424590364874
75.37247337889045
95.46325743561583
101.52835365807469
96.68957487090266
96.2980875618056
99.99122256476814
104.05671324937155
95.67359440022466
93.12242722411823
94.72427452681765
96.54513708568943
97.76451476324057
108.90523808022448
95.27337443040798
103.33126537533097
101.00935451424056
101.76051655093887
113.93095022163953
107.22970815577843
91.33220951570121
110.80077167183416
92.09505662139657
114.73753678056886
97.10192845969902
112.99982267149434
109.86763726687131
83.50264931180968
102.65297982410213
92.09645138790182
111.15082242239188
103.76534049372961
103.39556144698611
96.90141685284392
90.34871213735556
84.90987330753595
114.00640432601146
103.24962661143907
120.29742331986648
106.56658100750144
80.50900604981257
101.40721047061486
87.08179155469941
96.28068744957169
112.51884021676268
105.36625743879723
91.38053314730979
94.5643201666723
107.44730514234902
97.78693208348449
85.18705204488393
89.40692406905956
101.561279359298
89.03628963884556
101.7724915244719
94.50287655508907
109.4066318052866
105.97145693672024
98.58095604189631
108.06838051548326
98.22463901994384
109.38547743050118
90.93494800931563
93.80081847120712
103.30437126725761
97.70743638927091
108.63005368727374
105.15161024866077
89.20169401482576
101.70289743178763
89.79681490925412
109.6006531825936
97.97680440778763
90.16630753074304
114.83398844966905
88.76344624304774
95.69025761753407
104.67605422308354
113.52199802309201
107.33345216003721
91.55354496587131
110.28657883323957
102.44047238337744
109.07243922728343
90.53380108788426
107.43404109034508
114.97334922861936
103.38519939280684
101.6198950558645
110.50648568787396
96.95915864004711
92.84428576181838
97.37412364175711
102.5798009697397
87.02734982441876
103.38320403555878
112.31706292489754
111.5951524509614
103.50570588392566
96.31680108098081
112.61955358250984
99.5565881022078
118.11129425990612
84.15546544080264
94.8298296112063
104.00541578009592
111.46989353937724
95.6871500434372
99.89660223808535
118.07078702535544
93.0553618652336
97.0852727714242
98.39770613377515
86.24989468816295
98.21131999695606
109.2206430692106
99.42318482684192
129.89869304313584
102.65566935941358
96.90082266594743
111.91845620627382
103.1863469276604
100.81022673867757
96.27377059201034
110.75142581474393
92.50888684338132
84.78800844906792
100.9463934979072
110.1833860798743
101.20661163763509
89.0776412034295
110.65811883223638
99.46255894061292
86.81077456901801
113.0415934322363
98.87292572793973
94.23215299734434
109.52488267720884
90.8663346420212
95.81150430826794
95.62875955421494
96.75383540478913
106.94776810433211
99.60649817384645
88.72665908987587
105.54712563326609
106.55748270064954
101.08504165083738
88.34287594639308
101.96902312468272
88.65176988670797
105.43491904412879
96.02620337019455
95.92338613730995
91.78063248972845
85.56527381118622
106.2843623758233
80.68661211448125
114.77950959826252
105.12677367045622
124.26057594555391
91.46833606754379
94.99087824929738
115.61954381557892
91.80538479887673
99.1421339411256
112.64276793048437
99.48555511678686
113.71325091922147
102.85566296466084
111.4162507356091
98.71004661647189
102.13084228070869
85.29347190760049
112.33009675979119
95.88942020207953
103.26860893243642
85.48622256630316
78.44081600172593
104.57901521296583
101.0593514466655
94.22907347012062
98.78459719394132
112.04159112491924
106.13461058886696
103.28180004344233
91.4867829712403
111.41107487114849
108.45743259347354
102.8369468188728
92.37384313733796
99.97533586024416
101.45943257915633
94.486881408161
84.82659277010463
88.94727459752505
92.63554994055167
110.836298822306
101.28320502517647
102.079950020992
106.47386129508541
93.0320604225328
106.14742946762085
93.6073743959103
88.35182419686403
104.67691838095391
107.27155017756456
105.57030545369159
97.78046162096636
102.46791915460331
96.42159016508324
107.17022475582313
91.4480208834704
108.13105060024702
115.77419459421836
111.1786726518898
90.99125170626186
116.55159129756926
89.54173498157957
101.79955478425944
110.37893657681984
74.71327398781185
104.8130734790638
94.312045961646
108.56820357082826
102.99115478453051
96.42211471516282
98.78539526564796
106.03761802820924
109.18048215601486
124.88301761440577
88.66274854374575
102.32224215911405
84.54346537490379
95.36887186390416
86.32781144942304
113.64246982612903
116.82005115578173
105.19698625197906
109.79897016484433
110.04734961390423
107.15124296245534
101.01019504552531
97.91261460597782
112.46977920995238
95.91642861292354
95.34453610847373
122.10162879050522
111.59513673921289
103.53184272279356
102.28651521841714
103.79209006555526
93.57789700699134
95.86720676377489
92.7426607526607
89.36185615215558
90.40093803796648
99.09878372851011
109.01911687086178
106.26618910816049
104.21705344618057
96.54565039541436
107.30337272310504
82.44568276967127
89.38533546407218
94.65049693010083
114.26858359749629
100.66871406695113
101.98432634437
104.49849853806425
93.31043944869154
114.89758970353707
98.40219012930035
109.40807902274804
110.51710269931475
116.98589059493598
102.90148984216492
105.90368559060168
88.14489751010245
122.08400772735355
115.59025427412223
84.66853333136223
88.38346505167759
97.13997013462684
89.51186664545664
113.23120881414266
81.99333813834517
103.85071369873484
99.32556457380674
86.55083086704789
96.73133248106
95.34397303831457
100.25181515060292
82.97780099809975
113.08648573140971
87.27521175419658
109.52157587540032
95.61135873272829
91.46756006699664
117.04411952118997
107.66869994218231
98.68965329355505
105.84156845520779
91.18086339047912
102.05811737922129
103.03853681425889
101.72783470166331
93.74253207141524
95.5575950372341
104.95529034893423
110.87464554701931
103.12173369316437
90.64804472984329
102.694195564486
97.5660893656848
126.00549725991397
111.78791277330662
95.83707184420514
111.98087877740771
113.61607008809823
124.10006767771873
93.0610945396789
106.95564545364692
112.85139705358546
110.6078782539043
92.34106580877148
96.13236664031523
99.51453553026813
101.29280119326548
96.24255182237953
107.6497141624127
103.28901914135996
112.05102324644784
81.61595771461027
97.97951911319608
109.50508601253655
114.44527328383373
98.72236324781248
119.5080810727498
110.49768812239655
82.7892134248846
108.68943418624434
112.49883127425196
92.74554847123555
98.12608536972418
99.61609535050383
88.40676147969606
106.89448653656457
90.5776364720706
104.65772046455623
102.88509642744032
106.54666637491319
91.96149719956348
102.5219744905491
99.72506182604242
94.95742142995657
101.05818280640332
96.08435013848653
108.60673348545936
98.38914117844114
100.04307315019635
97.16075617739926
101.09303019508083
106.0506113532581
89.82356146574836
97.59959918796376
102.0245766896016
101.51159181327773
105.17018287535112
116.82419908210107
118.34283886917969
96.22050458272679
101.92873888529665
99.55710698194149
91.06120282778465
105.78305778569515
96.0808690215816
98.48756149623698
96.92302162782443
96.73558882989892
90.675874551403
88.6002076128801
94.56020986183327
115.2140108315532
97.37957419227602
84.69010407976906
107.77328597658564
90.02142232986468
104.38099244334866
100.92504781705436
107.73449575464596
110.79758454313887
112.99149942240035
84.5547910374598
96.76370282780834
85.40562689989518
88.32823876691039
106.89963457882224
88.14711229163032
90.61231433271875
102.41501167118072
90.98199115632671
101.09027044915587
105.90230952656765
85.67333664736385
107.5719130329725
91.81132364544634
90.35091882196897
105.16089408935318
90.38285215941437
92.98536962979607
95.265870838583
94.70678440607337
89.25005784041761
93.406463725668
88.82497605910257
110.66235596811246
109.45458816518635
101.54299265698357
78.43242918922715
91.3642879012213
105.55438746917719
107.35513713001507
98.1225152620657
90.50180311075975
110.06683962995899
92.23866764254666
78.62510980934374
103.50261012613092
108.94844171989521
111.5180909052271
103.87028718395527
99.21076063277539
90.71743388301469
86.91435771540867
93.83506525898126
97.05817331780024
94.42702089843581
93.34871854712408
100.39212780938628
89.67417347806112
90.56502894549729
100.99410663624057
117.48805059204028
88.25579545563535
103.6912356788879
88.47190397705461
111.95358391032059
112.2041846287407
107.43242443055843
95.17648374743587
109.60869895124469
107.82434464248745
99.88127530540545
100.70852313029226
122.15172321116188
104.94597135890871
114.4805309217082
96.52969566403348
97.43495232826729
109.78932206648341
108.5414418200474
84.770972963531
88.8490074776157
97.82070240038561
104.98999318426206
95.25922890952953
95.60789348326315
96.352215969057
91.83824320128923
107.72002292764594
93.64461657556127
118.55185622856982
103.5078784626862
104.16170642335203
96.3755507364806
91.7568816093436
85.0831853363272
103.16696310470026
108.46934101814871
103.53644268232549
101.2659626539017
102.15726819307834
104.18302559872404
94.93950616329744
91.48912931423335
94.63648688436638
97.18151793175662
108.14650256763775
95.51859253780921
109.43001435679304
91.87944308931672
97.34165014303605
95.38916500940626
113.24991310088068
95.37015920141958
106.71240859103315
91.56040480515203
80.01362026240723
91.33704705558816
90.18081578848214
106.82031473298593
96.8200371118529
104.52470516164138
108.00061072919534
107.30629230079751
111.50506640661456
98.94347095134005
80.32884148679409
113.47188133602312
110.49339917562438
112.22038855657257
119.87357104302023
80.51169479288664
110.35854436617436
110.36252658254521
100.78483425092654
112.99613873504275
104.45938081017817
108.07249451007509
88.88236721931119
98.75656114532562
103.19737964645863
96.23952142633513
102.22143597365451
80.38055391724384
107.71351831556723
102.94477390153018
90.65399916579834
97.32542087106958
117.60870394391449
92.28598459096281
92.38855167657019
97.32540131227891
90.73233581565859
112.02329217142847
102.21692849978038
78.27613745788894
81.0874343141244
107.95597373532306
96.22784612651932
96.99472324122813
91.957531644454
94.03348103797184
113.03814699330577
97.75552644005015
99.66326862480292
90.25904877039767
88.86183094916139
95.77344200952997
100.22459436795364
107.46252101370737
88.11661879073665
109.41753507729672
107.79812717934256
92.78405805067915
93.01568409557639
92.11118248425036
102.55518903574385
99.37666872881915
99.43429793584711
91.31764088483352
101.45493230251725
101.0792761624879
101.60744202496005
81.17973723884882
98.7132562690757
91.15548349137234
100.66613513567607
98.82408997087983
86.21831163605447
109.5595129804696
103.67706542292726
102.04869802052424
96.66749691291004
110.47302506852463
107.07232544647248
122.18357122623274
97.71813186722967
102.06235485403722
94.9771689369218
96.79482860141628
93.08096378291391
100.09320631018907
99.79840819693801
104.65299580284473
104.06964755945913
91.36556492619934
117.04467765283994
110.86950203719906
92.61107606415804
91.34993845123759
74.46834797806318
103.39757121562418
92.79296179022828
106.32947010309385
109.95868611485906
110.04671523005061
108.95817202285161
99.02899002406237
99.04993378184871
101.28539146496215
101.06606179070235
91.42201499447853
102.91908447448719
110.84991004645045
87.43636233446621
92.10405944224034
95.27369326610986
91.68803442714012
118.05514583296674
113.21055565567137
94.79934710692693
106.27274718200118
84.17504129388135
115.68390099712806
99.78176992270113
87.96250051407691
105.16663249002367
105.41982676446347
109.8962804301152
93.35043601284998
94.69043387651695
103.48990260656673
95.25406521627572
96.58728493793082
122.50500434245417
91.24638332467538
85.86023206303224
102.49015600290004
107.22759119022282
99.73809442148887
86.48687105009584
94.66838704631007
109.56575105234023
108.39455434750869
111.07878353140264
105.61498359205694
114.73704490489504
102.06492486883609
97.4386069838147
102.07237660176213
104.08226126591637
109.75470653189274
95.53409488401591
121.17363464288476
103.87345478361706
112.98777132195663
92.55667647916927
96.77666745952368
80.50467849011692
106.47344418598422
101.76384038120541
116.19777808210998
97.02930783862595
94.96404384071737
90.80333630067352
102.51056987413615
100.01933362059125
106.76370488280254
101.70883067650458
107.62032009846706
92.53098345100271
91.53697176998982
81.93646167861279
87.58338245187792
93.16652470202493
105.38119361336014
106.78553804249886
97.67772629698878
89.90458727747207
86.2953452776494
113.83624848086221
99.58471329943352
108.12630418635713
93.2858057923934
89.2911044611238
93.2904184152333
108.60482372177768
82.11812234957154
99.27295387526507
98.04239596973939
85.0446173985305
110.0657207735191
94.57421150215487
101.8402655287572
107.35179530295366
120.57511242632401
112.83160481623064
96.92609242141324
96.77786969833019
96.94414619913513
111.41676010532257
103.66719458019683
105.15392813113196
110.06457574769597
86.53871700973177
106.20806294498571
100.80016221268762
106.80695613734684
82.05952317385993
107.86677910815379
82.85099524193197
103.62832108169971
93.18685204941711
91.11918272376278
99.43997038398302
85.44797047865701
83.07568725308457
85.43957174847495
109.00721609690174
86.39510285462364
97.89156670982004
81.82372179055123
84.63631258861619
104.59620496943556
108.27814105943139
93.94872424612976
103.22066983923477
91.57974119894274
92.26674319003764
86.17176701339943
102.16587834983753
90.1275680379459
105.36396082940955
103.97167086183703
108.8876431947083
103.08436888101927
93.87370076974217
81.53789968453249
97.05077492127404
105.30872916983175
107.32939283778474
87.75335426419733
97.17276377054614
124.59211527253544
101.5097997845896
109.96569864806916
77.68267827715036
117.68577093777846
91.46366272872609
105.97055502355678
101.20042075321138
110.65386217923526
96.27523356262381
105.21846975047075
102.92231033557054
87.26552180203102
95.87386840374727
84.90793229346437
89.8566076590956
116.7169608607905
107.75510488098861
107.71367207058265
102.49538140292931
112.42013769524968
105.49890597531096
122.75709422826395
83.25144469166987
101.20010338125745
113.71015119478582
100.20680950552318
109.76476918598186
103.55384051584912
97.6936782874786
94.08873211075013
106.42948785241416
104.48175462838478
104.78817775487641
100.9633329967372
96.15147764796654
99.1241151268289
94.23346129082064
101.70502220128502
103.43797947870729
90.85111155792846
110.66850639727208
79.90928019892284
96.10861716789196
113.8076346559837
105.53204416293161
107.30645146880649
89.91801443374568
98.44606182764772
96.03772862068129
97.73192622509865
90.9148561035315
114.97931802003255
88.80518668791669
92.01708425125004
105.53467177291488
90.8751965140934
100.12283988316794
113.40000199375301
109.32482631455164
94.2504337579047
102.47873865399644
92.91937367465923
92.82787660827641
96.2673503400308
92.1468309133448
104.10630085420497
109.54570769606761
97.36005572528532
98.39947777022044
69.33117171435114
110.77516796845985
81.89057382002011
81.39298659108893
95.11671488812352
72.90562808129644
95.01671514979469
99.33683370778246
104.16382283901699
101.51979768030436
82.18785872537046
94.3658408497725
94.39637123836069
117.4435596633604
98.64061012972793
99.08209799769219
96.09887712211133
97.48261164842161
102.66098311997104
90.26826686823664
99.32724721245499
101.23249318770687
96.75404688557839
88.1015078043526
83.07024748874133
88.57464348976434
111.76722526551018
93.67956189076193
88.16483365705795
97.44204395460781
99.2095415766869
93.74896101280086
106.11250051306797
86.65892765439204
105.16101366112606
98.35842540518242
103.8575951803863
113.06795602075628
99.13624940013906
100.6542886746924
90.13563652711807
105.29966131953336
111.54049808988002
107.58250110204592
106.65635462802686
101.55786217941932
112.74348230959065
91.26326858119737
99.15844157645155
107.37389193522647
113.8118041811123
115.20369571648656
101.41588321436781
91.08809693852531
96.13973418000896
98.20721873735754
125.97742708201434
102.27030601891032
96.43841921156366
99.75022303752085
104.53754701437563
80.84055180897265
99.52216635102
100.59269737086593
92.13018883172444
108.17476291664363
83.6992683187255
111.61713925041211
106.09399969893093
90.25490033103067
96.83381223492226
91.98814963775102
