5.6560392492502425
21.39188309388846
34.94609071965495
6.8630901543095675
20.497929523404707
4.329561193917999
21.776342456609612
2.1415720560401024
12.072970531020246
3.507946774551027
67.52303712908305
9.015744113809204
6.266901333054968
12.78105172105541
6.671406832818209
67.88887559763327
10.373911732101343
170.32357010186064
46.878145097793016
76.84818883891775
5.937415451113906
79.60121327808973
82.15463261809398
52.74621784604413
4.199604724612852
60.77451401661838
17.934941348487623
6.368540166369314
8.60237149608515
24.0182129305271
13.689544561064574
45.73028232428125
6.3951260302373365
32.642487378138235
1.5481911154691446
13.649805741800577
201.44748277266524
20.266540110843156
32.294499309331194
43.27854515994708
46.576595765852865
52.91383144248006
28.410257449075104
22.51180381982957
6.409632471294506
29.33648144191682
12.968584604845068
12.263064719472123
11.611982337180505
7.6577006589958705
27.916028862598388
6.094771525340639
33.380853804901044
2.564267093524868
24.836336067295885
10.132429475470467
21.058908247255708
3.914437959593696
5.997799056195251
22.320614874178155
12.07346898211508
2.446169372187229
29.377889963387652
9.233387611435274
12.936759339618249
7.994351099614853
13.424685475073675
70.14115072038587
26.592331320686004
15.245586484676764
86.27968719579367
1.3932110566255107
29.43469490324274
22.584093817137862
83.58546547410747
57.30130110105751
30.242943235815897
15.965296669130904
49.57350645084566
10.293202752422404
46.76270308583372
21.922063023826755
35.481250460321085
12.291607666990966
27.230276284657673
1.8590588661089429
12.85754878288123
19.37238604283949
18.185042330376852
5.515342525001607
3.9969853815354988
58.693368020543524
7.066371701449322
8.76888644536835
72.97204948026565
6.683266660938786
11.850352874831906
148.07672798423064
15.717146150900943
31.08302665235031
56.55862103201521
25.92526618975404
16.93993017453673
55.78336566226819
131.1166139887959
1.158307309582041
20.566935490293705
32.07373842526869
21.10568004601997
5.966447573408962
17.45999394676138
15.90191857425355
15.175524144538342
24.225041166936332
17.164155901797233
23.910946736995225
46.063887313656025
18.314343111766732
7.427317108710276
9.15961182006424
85.64314650846522
7.9919364034323435
61.09159271118659
31.14916435049662
5.5303391195451015
16.516593114074624
14.759551738079292
33.02023531716434
7.824641996176533
154.0213005906955
18.1537405951172
36.47130655156912
7.408107327557252
17.305144268776445
12.470261559072659
17.794962534853425
15.438035654512012
64.93924425446039
33.10431987671304
6.119395078052443
7.2146068796240295
5.5671873163627605
4.221497134158719
78.75099878390277
64.1785668491531
3.285384050836077
28.302152852233014
14.650780620121694
12.1749753683162
63.13890305443828
30.566450913763063
15.17516278314716
6.950561781865713
49.16740666234377
17.683937492183276
30.40442822940451
17.44295722476204
24.969306871051092
89.4546446721238
25.215907300471944
72.10651614967921
243.19579578834765
26.301592152939538
91.81115675841171
35.50930418071684
28.684021779563796
20.16494568171439
27.51310278606763
8.534271980087526
8.52259897240382
16.61614538665368
79.15791888409944
2.106078379206864
36.64421829930489
100.64143289415254
42.06811139769193
76.21101672588837
19.67362289601103
12.180170283615448
119.09079165498595
17.398433204934058
10.36423858353938
27.542597797661095
11.25439112842939
60.264750755601135
5.450430046364302
25.309308352227845
8.841087340615951
23.565270885049763
114.85444799716538
8.668594445557103
32.32685466547426
127.35216666851393
13.917662848216988
20.713616616337166
8.416519806101613
14.072688868714465
19.539022048238483
2.12852825205355
78.6726155492726
8.624436941081827
48.377869742996175
7.003257192770918
19.13262146207451
167.45544902399826
19.261222149291005
26.451217157858633
11.942186847898357
16.093489202861917
16.011306316268552
58.318156960560145
2.617126634567472
94.98368938798151
42.94874554547594
7.854578554406432
31.426481940381734
58.162790767422706
214.02676355808146
8.708034720019322
14.187931987794258
8.999545619769812
21.498647230739056
5.696027644586232
4.120335798036927
8.857207069405403
44.22683436221006
149.07383110304067
114.53083728852391
16.907694867387036
3.5134144723178564
42.675650150675416
5.558345988782316
5.883215170647937
35.606955184863395
10.101128069601621
20.55922349790438
10.405655990194752
20.73986204912183
7.882123107962957
97.55890070920266
4.328928728107608
113.77737621645545
37.46505509326601
7.623169123861412
119.11705294487423
19.75190607153305
10.621661114130598
8.029918864354768
13.430605631629646
52.356870659604404
13.896481649502137
11.535524188366068
40.669303712016685
4.110540108560085
5.388546248386424
6.441610781378402
17.959049728104933
106.92195905226839
18.74390087357365
13.382185276418621
15.030810432146039
59.584856032169355
14.682950709850896
26.418539892496362
24.08224482726515
14.42139506349014
8.14856969322684
19.5790663250799
10.68531340002053
22.910098247107513
12.822482849014705
16.448094891521812
88.29095899759417
30.557412527283528
33.97365543573662
23.11251332140262
18.88381848494691
98.31518344681632
16.679946161035275
20.314495430057466
6.143298825102532
23.302263902790013
27.511001380925954
7.842974204710133
10.896631285823956
10.147515676627059
338.04599682269605
6.5618490059055645
22.13522876802001
12.20857418052296
23.071146624747332
10.506512331467725
25.092132286793902
12.65831354647751
38.54866393796106
22.743557222135937
104.83960890322854
32.3919755800409
9.751058198013594
4.742908815938023
187.48664318859082
5.184762239176944
16.61821519778493
49.798737187284175
8.667382945579394
19.842930879335547
68.63583342508714
108.72054414836786
17.6349420664699
35.21070917644529
24.92862737830511
50.90117479082144
192.75081558072645
28.95057017930751
4.601539262032202
25.491600695190215
27.48685233344891
16.905887679818537
13.332983664278643
25.080791391298902
49.39710377732122
6.439616269157207
61.30368200783642
38.20561492009558
15.053061865672772
26.499163519112624
7.469750608898891
8.541594072770922
10.398995702460837
6.12901712555209
18.431519239455614
17.33107918228546
6.359752047290204
8.29751893549151
3.879468664334823
28.92956405465792
186.33131549598386
2.8014520982287667
6.033187969270939
40.808262011644565
12.879537477976918
94.84307371287623
5.462865287835021
30.656667493034508
60.300928068189236
93.34177996785571
14.698479448069424
42.67321505979156
58.28779559731024
4.819114977064857
31.892655049812284
9.780032212603873
21.327215831919283
33.66949401257942
14.354860572088041
11.743272156004428
24.24455085773716
17.969616712775824
8.39176608533439
30.803354663369184
23.43418326813819
12.140024789932207
31.482975645251308
17.36130911602116
20.53129763631671
25.306964727872355
10.344421758938099
12.175450944985275
13.10280016410256
24.627603046518388
27.92269635742629
10.76660175367831
2.4343353892100996
4.675292371369467
69.80364910052094
5.401247242351196
62.72861892546084
9.788887691878086
7.422452485167616
45.46053705790947
51.951697516419365
6.1224513907777345
66.8777660644612
23.577593172756476
21.26540490878244
25.496604828978164
23.062890189023232
54.90938782987739
11.948177984364941
8.425173865854623
15.198485459376212
4.754162292381139
35.08279561649249
6.211390941303217
26.524670527682467
10.602913922789613
24.80750785010065
26.37008270750182
6.788773525089226
41.320268620427136
59.51034995693211
19.49723899058286
12.843823951972523
5.552748040913349
12.499218247464002
16.260867259823378
79.28783726081436
4.995482526628986
29.511525735677942
18.798777290104503
40.78593220201396
4.851805826841497
9.003036531215626
31.292048821465475
131.89402814869652
10.449357978700519
50.32176041858625
4.449315725880841
9.178947171158029
11.035293811468472
6.311301430686319
10.9672962739906
14.306181830484896
40.55344354053861
18.848466784602806
170.14510895382585
25.47727032439408
3.116024847540795
14.33776666292521
81.492159174488
27.186651756773426
17.158716831552013
15.843892904194457
36.819522917974666
13.81493079678236
300.30258209027727
8.093728420571518
9.8300047429818
16.247215253861548
31.98088603566675
8.254874467353485
20.871903115490053
75.13599528535059
18.051908559641962
8.859238989798255
232.14434273292517
11.196644714762229
25.963375977693946
39.41454570175928
13.021433821654265
23.580515478361534
21.611800757994033
33.39484914484071
29.904078534742897
58.59756503036706
83.26482044508452
16.56306636855673
92.41920640952607
85.68187753891996
24.782164452118163
8.924187461176944
26.01895029023861
23.527838717659602
17.385207505990437
19.908906992759547
10.918241102977563
34.804165858495914
14.923134214086273
100.82740550539584
8.667352114004014
11.818778481802426
68.89861890431844
13.821798474332567
5.490563307089616
2.600981471902755
13.449714185043646
14.838363210663283
27.26078983032679
15.778844250075965
12.310505136062657
14.104521196096922
54.50297656537154
84.11283567453093
30.33477965767725
122.79940076225003
22.759713825915444
92.89255899136612
71.29266969985565
20.409628144660395
13.967365378928804
2.031162660311554
16.956121521115474
58.33256349138333
19.320744122680328
27.50340802704607
55.737732832820235
56.44969784542624
5.985646828926086
11.641782355755328
167.74327022304428
15.830066762124854
3.433573599314313
14.955756938736675
20.073409172444908
11.117395763444929
22.968240241472916
27.810454103081998
8.967492706036715
15.308546853060507
24.77111168068958
3.5569065622194658
6.861873316591934
6.386533395599042
7.610721609073922
11.665197526004041
6.954999989670063
14.89532834092955
13.264542653930985
17.77235115657457
18.26755588264003
37.88491285550681
13.224551249640237
52.685440309560235
21.38723257621055
16.956731663552745
27.456743600818182
15.329493370031738
15.72729494252497
9.453270725817301
25.207188623907395
14.77366072856321
41.38195295786043
22.24542152253943
66.75900252946687
23.445346023852974
11.073355698003718
19.722342545797158
6.361041777617408
25.748820084670932
6.0387411019445825
17.402425782555614
14.933888520064725
4.654195273513893
17.921297253929314
4.002491329480748
16.492366196252323
3.350233520367048
68.13079589970931
64.28354820699877
19.150336417078353
24.275317338149815
39.337096429450895
6.870672768478402
29.06178331767145
265.8099934919376
26.316172021635417
0.8373669340148655
64.45766178801556
2.9008879264160696
29.001863614242506
121.70307126472883
14.097690770230002
12.784589170779652
7.853131606743297
23.76750998824601
15.412915352797125
18.432428932294425
7.840518654040983
23.997776670108887
16.017303070547495
14.732390861233045
14.454994672697671
24.623302988859304
18.872400730484273
93.8427453979068
60.714060777544255
5.169109806918225
4.1351354635768445
22.155756546268485
28.554329689958397
17.780248749964905
75.23184590216133
59.94192726189515
40.67197134588008
48.569649021993
57.93233477631763
4.119575966575905
81.30566302341573
10.781936781415315
51.10133820215924
12.376843684463879
31.452645378567123
3.4722041761847744
48.02703492619075
11.250272022116674
16.38419092810934
14.33540975819425
48.9664401939591
36.59917053254203
49.84255362750303
8.736258775593775
27.395228512488487
15.989939379811835
41.90745552992821
6.3604790818529215
283.97593957147944
25.659472299188064
17.228502384936185
34.03099800247088
52.68870598489525
11.695944946429115
7.76314807751554
26.070484051240218
50.02848113367654
53.10533176101195
31.05637957355739
29.113603790587163
19.02723470397333
22.776086870439098
54.9446749199093
19.10193115375809
13.812867865209167
5.256208311133319
57.90303858864018
10.597130700805657
9.309605398066724
61.562645252171656
3.0168776705387237
24.476305107017968
55.70008897965279
18.623605121507484
10.809059586536762
23.448096794064288
6.333743638153801
23.25030611523645
37.21969226870646
14.823449987487132
29.2055522981432
7.821668623293081
20.853625038634384
36.42543582375904
41.477288361089855
122.78430336934252
10.465544204795934
10.037142172107357
15.039785604815512
101.9013649081371
30.48136485669205
36.11135213736249
23.940045478217336
49.848155735501706
21.520884577588586
12.130843076209736
32.21726161728044
22.885232003360144
10.477429309211873
16.95150899989993
66.4561526613983
252.46541326603318
221.22909197117696
25.326221191953188
15.334279428407875
21.97873689129772
53.117690834580856
9.87986778279288
9.66515903791292
12.85786757977438
45.75755434903688
14.870234809539818
45.72104156323063
14.041262741450147
6.508812902345971
2.0080906195799417
50.08501230039233
22.93639568726576
9.813472865238047
10.247009687772024
4.436315555879435
44.04832968599879
142.17373964079752
10.37363589637665
15.81975022334754
52.669494138503445
2.134490839216711
36.48338040070467
43.117515776607895
12.199306833570223
9.668858365980503
24.97187980741443
32.03745842604943
34.362247016148956
6.562864233609046
18.853789487484782
65.56320529838862
14.38573562360279
67.64380504783772
42.06580663491652
8.515200465962486
22.150620081111885
21.57649836096403
52.43947191183787
45.97087615547281
17.631328160496867
11.909209425198526
16.428111847826145
61.4329679599093
11.536682089138099
5.919160970251823
91.36464883582443
120.80865666027194
57.09622393747727
27.85728003952287
20.640774612313574
12.260079735491976
16.02127269329706
17.150300301544455
42.80855512160881
60.568595693696594
20.601846215737815
1.9633576524118959
7.141708078625935
8.117424896835438
17.422603438320685
4.951311107677942
24.539410473573664
18.73504382618211
26.09402199777392
47.12836991567908
118.59999272683173
5.0978433167322414
2.332854594123562
104.25536793785614
49.22208469816371
12.007994935500173
25.78740749500277
14.888912986931164
61.62734467517006
13.334927447343818
10.015549367071614
42.24316619469271
43.76202437898407
14.912867617509752
23.736491503708617
10.300651052539056
31.26356973020881
23.33002215504988
30.723658556789353
14.20572783418884
22.01761860883531
12.560459542364937
16.411964338843237
14.213575422882794
3.328892490702205
3.0006336951530286
4.398605442432102
2.7478703524614634
15.173422433456434
5.93854173848253
47.32571984258082
113.72958218134038
19.29932756103085
72.25666987362524
43.56573061587022
5.623871368903602
25.893551485774484
3.7484182854792345
73.16754303083448
4.069707824790218
149.01851621598428
56.23354425837815
23.971073035447276
214.29685403541885
25.40544187716299
8.156261529901034
3.8190202110616682
13.189185270243902
28.88630707137627
33.11017567981806
126.5815598666801
30.26779177280328
9.706895509097654
6.783798768705486
36.45033152406357
5.5842967425516195
12.524420937904228
7.041145446151145
16.571224638508433
0.7884100305104607
6.563117786517311
11.965053771189016
44.93930128401913
21.086652947261854
99.70389169809025
27.812302185718625
58.35850808593347
18.066277727482333
65.70234836726947
11.98764939958385
20.16222009227467
42.66010893165895
66.46637743119172
11.977220796349284
49.91369406189771
46.44113544696316
24.971291780095516
11.24733970079705
53.71643511837173
20.979954380681615
14.158303234004057
3.180552151334908
3.7066640650108504
32.28130391403268
49.423536651893535
43.787862973822605
78.08209040345054
56.84834691327168
63.06629975762268
13.749677725250633
7.493566507989459
24.204247874198128
25.690879247105812
5.209225166438925
16.37161547633178
39.53767771024285
30.97810968859795
6.896589190644332
46.874071278488124
68.06107590764056
18.57716096734723
2.654032119563605
14.600763176446433
3.8462554551474306
12.757810616401457
104.97774630720528
24.450488095987048
23.133660300932466
16.832211520259868
24.424569864610305
24.88324357501741
23.384441865204092
7.090239385766639
88.16683644308449
111.49521941258593
2.648047360977737
20.826475078385045
55.35193824215758
31.62581295068239
43.59774377287122
13.499175780269644
4.283797788912649
130.38598878898577
34.54454617619394
3.6767005838349656
16.315300644710764
72.24447218969553
6.382824695556319
24.48347611612558
57.12141660433808
10.871255630176726
33.82027246277959
141.52347930532596
5.596231104064923
39.96991737210574
7.436100364651884
236.96709791197796
5.2817473330419755
23.763300810585445
33.47357045388598
24.706002273091638
10.010195245188124
21.385256920818456
5.7942443309154195
1.5004240763267933
13.852629868444309
42.31294516969198
22.914296229156758
16.775721249056996
22.52025082681602
5.4674558729030185
30.59335239870144
69.5093628585137
17.66729923705184
18.290238180370228
18.56972478406074
20.516327188211996
34.47569419933457
28.923432501248968
12.666952982728597
27.17203529364091
17.404913119450114
16.875605747064295
7.807028771398494
22.660777259142595
5.389742077405437
20.247511080476354
32.28894433780812
20.48102551709096
42.670016700028754
26.198367520364865
14.100258812778137
25.891058345521362
12.587099731814869
2.5562282173944073
8.546315923908516
13.769607216622159
16.263775371626746
10.002033462325908
193.83262035181113
5.906928821589202
52.051043001867534
15.793141508380156
5.175759329670195
4.263789477427259
19.830617005905054
48.90220217921116
108.97050641205377
43.22821118248094
10.514432409098893
19.61625941345445
11.117887854695494
14.487493870421137
15.461641229506572
70.71230769910781
13.552384690512243
21.01903373547862
18.04016928940304
24.906576654971673
46.81321116410772
15.048430762202289
5.095477685025068
26.139631727245256
20.831366252929687
15.326205778726193
28.341937329948934
17.441456149308582
11.897637024021378
5.352145703341927
3.9241009096298973
10.412657932039332
37.14331552619325
66.80366946394145
5.173439139829539
31.421211734957524
20.20983587219079
11.920513371650943
46.40572579033541
17.88737629661796
61.67159950640003
11.141365537582095
79.94125636354843
8.122678941298556
60.957108317216495
5.423096978538705
174.9725314471162
14.424128197619043
41.66357944484097
22.01473590273575
30.035595146049754
34.240652380805805
8.645140775575534
88.80614185485746
12.744466379654067
33.177506012727335
27.932565894812495
26.593636029222456
71.78031151459456
11.064032722973911
28.078875581545162
145.775756528009
41.626862062160875
8.431150590750647
21.666846415022135
45.86102552225162
80.36212599213506
8.859312646819385
26.912859389331192
57.59756437082227
8.78102005680113
29.294220326821772
12.674548005635378
15.416301858719747
2.192146829316151
15.449202819171708
4.155190603951315
43.33632621260092
9.94963224503027
4.685534019520848
7.766305785788507
33.41783166451117
11.439725386313453
17.95271265461094
5.12768205471133
18.82073359766904
11.65445467126984
11.67932310258379
28.20185384943709
39.51664385441393
11.044438819906308
3.420135994404607
8.483637597107748
23.1067408817518
15.97709075254291
38.81831545362009
5.958257596858517
38.44896821243779
20.528113246859323
6.150548813640943
28.87705388563177
85.95566950796797
76.36038399992529
33.08414703921199
5.408994546311244
7.5311341000837375
11.426218232740355
235.12959217006687
60.53806423601129
10.580103968784298
21.419161095232553
24.197935979243088
9.471616103846184
4.683234342472654
60.54994842381661
4.4496743976398765
49.32758104088475
96.63502825320101
7.582759687797433
30.412665917665397
20.20395354567394
25.28719743235297
15.269528164071225
281.35934760930644
13.752304164626686
26.330620660588636
9.264077991521274
19.157627906484723
11.493964066024274
61.89281766576125
21.49105879911341
5.580732608252773
94.81535715180864
21.438940146453874
51.92902944331779
42.913006932405295
15.346527032789435
93.76121922070404
2.3521093214542725
6.42506894636087
25.01595828042118
20.559195415361767
5.9276297379881315
15.040543006431399
29.212732275826415
21.805111370849648
37.24326193874234
48.22338739158067
112.75218162644032
25.22306122185149
8.71919807165173
10.509912484006717
8.278646914782728
8.7486120255033
35.734573993178905
42.53928430955776
114.82240956830522
58.18889112664828
332.71421339906425
70.02819764086998
34.20910993027491
56.63168541819521
31.637812553280444
55.337245354979125
50.05551809699129
6.476433455116637
54.418923026903755
89.50722490554648
25.026858040164406
5.534556815881707
42.23591749916212
50.98173491118189
37.48420101501392
14.617167477714073
38.43662438855808
2.9389401937731483
14.67753728446934
48.60598794611649
4.762660301176706
38.708463623716625
43.5168970029471
25.818331492519924
7.875422569384001
6.1806126895628015
16.325272166864988
3.709693694251601
5.079264673646853
15.551367218973297
6.244240247275528
28.9193685313442
6.914791088148511
9.928808205823472
8.859508566007865
7.449005810206313
81.30748915214437
19.349223848437983
23.86627192335276
40.57072485763781
61.67001429166411
120.74728766530497
6.428778122964279
82.97086682991589
10.247755925758156
29.52745260785841
15.983215924348258
21.431140844591145
60.051365232491676
123.51702187297556
17.562270466681845
46.612118516093346
3.5251649636320033
8.465205287411768
62.07356464480742
150.90078949413433
40.836433868393364
45.596140834976154
18.065330316737032
15.236994552687914
15.076972295036558
4.3749776135222085
14.422964945937107
21.16491953003232
26.897288158119274
35.84900769335102
26.038106824226837
37.33534673739762
2.2883197400640096
12.075445404815834
24.048016761048327
30.509961023868645
15.344873175307692
2.526474880151528
4.56263958029041
42.62034031652462
70.43367252834203
28.82659897595853
4.345915120875426
24.224229574826268
3.3617469992106277
99.9613749425463
19.572544129216134
13.20250444456955
20.92052970778162
10.588400680908508
54.87214653929488
57.11175279281708
2.9296169777813064
22.524346618107007
9.569349973634248
2.97725142284424
11.516853797287341
18.550149325920028
11.497659074728645
17.53551945140783
13.919028930724277
18.56342241698828
6.750730216567194
39.083189224821034
41.60061127160544
17.74779137436888
13.991220245403621
15.15933725170756
16.318835934224342
34.69035647991504
6.3658937922183405
9.922988543004035
18.144600167939892
130.18219297661355
45.11395459200795
5.775912307791897
4.768557351451757
8.588247805286663
77.24527609535204
44.654565564208795
5.97830843171779
17.3628395482786
6.937237999477932
29.466565742747495
17.499503031468162
27.27429820939935
35.230058295451954
44.394023298786074
5.850679803922355
1.8109116854599006
19.144709658828276
51.11367257517985
148.74684838407074
8.90801355369452
50.13922735415116
27.771592794819373
139.0097315539695
22.30446560290551
9.531925646644702
20.7881410092044
3.8065689466334076
2.7010873826308472
4.806312169971694
20.090928399588815
26.865806247004134
31.53028377427154
12.466232720173293
26.604915322148873
23.462024618950505
28.86902681838987
11.244622632277759
10.119066657303458
238.06890543589725
7.514721564332121
17.261534048288
60.78524842939122
13.50051828500278
9.685539113035132
8.099737202890948
23.500505031254466
22.582622047862866
32.543890556891554
17.139776940464717
13.843379137924252
4.868462189943197
12.543989544473671
33.36686076965471
17.546522661945342
19.634516797458957
38.13586978634781
10.81549135600398
13.265893176852495
64.39942092863033
7.075476084873911
65.91046065257929
39.447316006863346
77.93256489063585
22.636762446562702
25.233569271675485
20.438791507821204
25.910279376828644
9.801770927086828
53.70091233836185
5.107243868245729
15.527705285504108
12.736404742198026
15.718852048230932
77.08317156896457
37.867047427403136
18.983258176579792
70.27087144667114
2.1494577052599624
4.457935961621443
41.04314376921744
27.179014361729294
6.686139379312404
87.7592423095
22.92463548563891
8.877125748471258
42.33916426744061
38.65509852691722
7.145581286057088
15.185566777330234
15.304273154567474
37.1941734237615
51.60652908090857
35.04475876440653
29.999866412554656
35.147805103394276
38.445361006799104
9.634843741612395
12.336991165565248
34.558847896916014
17.757130324257922
1.282866769311659
71.58250137647485
127.03748831939926
27.586372996833596
17.371628482556527
5.404171201204591
2.4795200779336426
12.36551904644811
13.470216515815224
19.67221215378207
7.316794606855993
17.59679892449822
15.417528602476427
21.50180743957715
23.489576308209724
146.56012008831755
9.75566152404215
8.35761571637206
4.282959882745049
42.79494100411171
1.7428467404483048
366.35265120924873
9.996654422210403
42.2970160314423
24.986461093829707
16.27472977211396
22.60846836113483
13.375851839460251
51.59756874959453
22.626640793136996
36.93682782224506
64.73546709203237
13.68345107688303
29.005312591607122
30.124100349428232
94.10499146104817
10.765118901493862
87.6569744572973
44.51423095750326
11.480509998328538
13.541535976541589
8.020870656395568
20.67845493727239
20.702395017175732
102.80118871379146
4.28174832286454
24.07296193905932
26.688959740089267
116.05073509729543
58.01851720967981
7.003683145842638
5.9570575002636605
16.496019799581713
15.904491980926284
5.281374063886427
4.226372764922122
16.858200152297385
14.05181313519875
46.29344291270196
13.549623258018865
127.2996828598449
8.213981666661406
74.23573460343421
25.77445052028881
15.320703174071298
100.36929457883123
66.5814743173815
42.067755329142095
23.841186042101963
9.69747497838581
15.140314776443438
8.06194988066132
14.462290636755306
6.695388362284659
3.6061997622376736
14.651365830802185
73.23457477177645
41.47534840878518
15.429621970017577
11.146602950900258
14.324325364970116
7.331460475880984
8.233746274763417
11.173379096779923
61.73308813476099
75.33290975724847
25.972781847861473
66.29440748601075
21.75074701114257
7.4323295192943775
9.280578452284146
3.651985698026017
8.154387715301205
22.976155505140024
23.237906855760972
5.22869183932224
8.788427991793888
21.455395996181114
11.380449059684887
113.14939153061708
42.604444687988945
10.878456779670204
65.85895229651155
41.09249396513074
47.41798801246587
53.557295447125895
0.950034099836614
27.03456870379487
12.89679710997437
28.29483976856111
44.67476333839659
8.60939299111573
7.837872363470731
46.59377424912501
77.28849635584889
20.14378924013123
2.8758218497563415
99.79361386979696
15.94193708085862
46.71305020062166
38.39940603304026
2.2961753626545285
74.00046599233642
937.5598548160141
12.552461019669945
20.553875946481075
5.659892231630818
11.638687416874106
49.15126504799669
23.139015427580773
2.9039143914564955
15.842968623909734
59.417765148862394
15.899863512130903
36.01527936105768
9.727707970954349
21.44357134520121
28.795384583322797
56.79463235721865
20.90752158726431
16.488116896444513
6.975841476724585
30.212042172963052
15.285870571350953
41.07440587964445
54.7891439599756
7.212963850461405
14.131277572199844
16.89343444030256
114.48897372396775
55.69565310051053
169.14466285210472
24.65397714612078
3.397400784912394
4.8876927521488955
17.328283305777
3.50949678005511
20.089174300243887
4.835724958916772
6.628133590961958
121.39288309029872
10.25185060467518
3.0259698510060233
55.52015198887792
42.61671940203469
8.284796106989674
5.343897948736333
25.951361884328094
18.513549894387708
52.118295055718185
17.567424820758667
15.269316906173463
9.738417838030163
27.389456869324107
10.676738894944123
23.014749340622654
7.659271827680275
47.50581820808625
8.258668581882537
32.687061375287186
70.16950911413225
30.390730755941576
18.581810182280183
38.622069391336304
13.37315278536882
86.2594078109467
21.02909499803527
12.978873964306478
5.91907233762956
19.638472788203014
61.72327404702962
42.92278101753269
57.149709157978094
14.171362157481735
8.54375357928418
2.5155825340356297
10.827269769399507
30.08910561326921
6.727068148915447
8.100849719652707
11.091473291334408
43.51238994899386
46.423516963033116
43.508076286650805
83.61583278175549
24.30582240597753
40.20855332876987
24.996221884202534
15.574123484788775
57.38131054819895
21.521528862390433
12.84613176819233
12.944805541412082
18.212565973908426
13.953187218182595
38.60396361448128
17.14005278234607
10.832469618708496
136.6022831950605
4.953190260977697
132.69548032170732
16.115280482398592
8.087289601441256
51.06351092491755
25.32911718599422
15.188174770511274
13.930394305730715
11.144610610713995
27.3055041128182
42.5297903289221
130.9451400028652
134.62156291342734
42.62916773560399
170.56895217558372
16.485446117392783
9.088206683456892
11.434625514781908
12.625493784321687
6.614724743108595
134.9753924819889
101.16368602665416
20.06715548646084
4.254000703482916
9.647640741908402
2.8212883328950165
108.10429343291683
5.109122849403371
7.7597980654081
15.634982786595996
37.749563273918014
27.93440356427806
22.815789585121127
3.379056449915315
13.758102250189161
6.405152245293388
7.123587205283197
4.457285033528047
33.641920938004915
31.240715902510985
125.17026160287034
12.96207997072191
41.396130045285325
40.49733928860821
22.9899890042154
78.09298669148718
30.518014505087592
25.17098943436977
19.687148061074364
10.61127089590444
6.814254347885205
17.996953923004728
120.35334342414984
4.950104375895646
18.969950219377413
111.859629958693
4.587384092058441
3.4577634409364233
36.54707308135904
20.193810002278127
41.296934308767014
25.412219061879412
9.4181680170865
24.846375113557162
39.30877638947905
11.052035703648357
6.60188183290769
32.206130141003484
13.659941133290877
13.322194510000223
8.134972705511396
20.022377360343533
15.118548227452058
16.991461474560236
9.123342641324639
346.6239419999671
6.432503836960501
20.60335055980014
9.530712906883975
164.98465622098269
40.29434631170408
23.337953951947167
8.680025947580045
29.272789239145993
6.177883447293533
8.875829503515297
24.269312436518096
24.474142186391514
20.244478903869105
4.46808852536977
100.77876766719503
13.047148271255281
3.975926701176185
80.45802543917829
23.244785126775756
19.118574005709295
13.064205227221635
18.275850523452544
11.01683042897294
61.4496908087524
39.09959593898934
2.1553244261211875
85.73539225757837
69.12755552195236
80.01582459573133
151.8754640097565
13.644242633600546
32.35150515458307
58.363300339978466
39.613288782463336
6.013442113283985
26.32186020218664
87.8220751965092
35.585432911860025
14.005695013349738
9.184049120369437
2.3134348272229586
18.54274302233536
8.512201984091094
39.476681531776514
12.700137221264454
21.100991467110877
87.92446033509889
33.93739652258944
21.9313319525138
67.20555543229962
85.4974201003739
71.03362844666661
26.401726644517588
63.73901290156612
12.024722295179828
15.507612658044478
39.01207129902063
3.2236639743832636
32.830312929800414
25.529213257435753
80.23147126109399
125.86255945997486
18.283518709051062
8.67981277130984
49.825368857777185
18.820572939903375
14.315167965636558
44.34475649446396
45.26548824734039
36.57574070153859
12.169252440770864
12.689321873262951
13.197737013802035
43.3540053113307
34.94490365863014
18.706648590492676
296.97651078801806
4.503901738620623
27.148833017711947
40.453999652598654
18.199983078492462
7.271363394172895
12.444073397528621
21.51798935465487
165.87476118905562
34.47548123995897
36.52432097170426
26.11697142170381
51.61844808071641
35.46521354591026
10.519804646223418
39.89436008761454
174.20844022899328
38.678973566414534
18.121024854228697
11.374120914599064
39.51288597686596
8.465884287963053
40.102396050774374
15.174513071609725
7.07149609154474
26.607834676170953
18.871752445922098
24.924569826670332
11.02128394331188
8.489292016114183
18.747377340007915
8.572701213072484
37.93134912612961
13.134732175927953
17.494305256350202
13.713400496777856
17.12805390248033
23.727577120178633
67.06893459159232
12.162500285040917
29.029452130278013
4.2592316629600315
36.39235335774157
21.81337813952479
6.0530411172343515
4.4318160095122705
35.74409059355663
19.197315711921142
7.7374492762090314
10.40232973564849
40.80213744205358
14.783561136240248
3.5759591286502115
46.229577270711026
43.584670127830314
69.53711644340615
16.159025127244444
18.696445299052627
59.95221895117666
18.627591237585808
20.177596977998277
21.20579443571742
13.990902515368424
7.997672633301078
23.865430808061337
69.9535585521892
3.7958715733239137
39.32884836428728
52.925304845381156
59.499481160944725
12.932282890632107
34.30846265622878
61.13447309140925
5.245645596944962
3.7903408407575685
44.10011887599484
4.567651353227828
12.856488352112386
31.312252744951316
41.4104121075802
16.826439884501955
15.798480139547241
9.749941562619215
10.46687741911358
153.4761300928674
11.091124865325385
33.105769978233944
144.95838675385747
30.909712195342234
31.00473036966782
5.731042240262851
17.519612260574174
9.178801695607055
16.82719545468506
19.743057261079745
19.011743491083305
28.39048644251129
25.05511262029764
23.209421374932894
8.42484579955735
19.047865232180246
38.32371612305738
9.06656339522914
17.647236248191646
16.39222958757024
18.671909284214756
52.074582749187115
11.960884552396507
90.84559299574609
60.96769582327043
33.35863604085432
1.7053515165208668
32.82254193874285
133.67174541113002
20.626226025362573
3.8363517935479963
9.259820901917195
35.26272342045491
8.726119265013766
10.662158275495841
15.407103281119213
45.88145833963936
8.004501958328213
27.465922423920794
35.75906897077018
6.066927067095085
45.233730450230894
64.54514470394065
14.697031573138963
4.533819472488647
13.6857263451703
14.94490682013671
5.40656535438474
9.832163283192493
12.256781159379857
77.61385742066206
103.31634797127386
88.14220999580832
13.881746138497778
73.67624397662374
14.823420964571168
58.15011809093863
74.50196149924
20.97222910786362
11.85550283492382
97.0522573735545
8.60336458080744
9.163921423918215
3.276210030026877
144.09600441520655
27.183408588852643
143.3288019514941
29.652385175317914
56.23251104649539
14.521178831294305
23.913974552665447
17.707029180425057
29.22306908364559
32.39431708218881
27.873948038822473
20.837926573664962
4.044852042111769
56.09544699083844
3.2394960577910608
23.657576758370045
5.495819616652243
13.299422053267925
143.9865872330183
5.96798692230389
16.600432388677817
14.423512993024147
18.431250923924058
4.7358511925259945
56.41917295867648
40.58573417524134
25.19233387789672
23.105958624798387
52.95599273034519
22.567242203439754
19.24846142699877
6.791090970917255
2.924511008757607
5.152542367557765
61.483064204451956
30.28423334971404
32.06317938896982
42.24195675462952
35.64202285686358
24.826309435088863
40.7868983613809
13.081701290866597
93.5471442986994
36.355374221590225
11.108781574468304
82.44634264137079
40.798696347226645
81.89646660520543
17.840545493241486
24.72195347869226
56.47220584050499
7.145855643704727
16.755875269778336
18.81135484081595
3.9887085973905307
17.048306421667142
80.96901936695154
14.450701848312455
56.17547514123743
14.049129971672144
7.886329861901781
3.4101553353157166
50.93346481514648
30.882623341761068
35.97876599807372
48.719804970265606
31.019358120618563
52.315197731844115
12.208291091354019
16.510492194707236
15.936243026990965
9.96295765932964
4.348400052651461
9.61643312764658
12.410575704177525
82.47396905046728
7.587153227390752
86.65105184006896
33.39779771799462
130.880160154006
12.13027852510346
6.124428317510248
26.881575727188707
12.45720941552287
35.61592028277343
255.98516251681434
26.903808534169215
44.94250650734513
7.386680984617402
35.10930835232772
12.631971258249248
5.757246693086257
36.87464783926489
13.67087186928011
60.783186243911686
64.12325548639238
37.71516233022379
4.955562726178117
13.346851770965285
29.380288850585774
44.28933587969068
56.17815720698167
59.44555810324976
23.90852186160559
29.671311902502914
16.838047923675013
69.76111213185024
6.622956257386159
19.338023236352004
21.999966035398643
13.375987453303205
16.241809866413988
28.832417528414705
7.776500440526264
12.960274142043342
16.40871311492771
48.763764405834
38.87251444547522
38.869927781760715
43.66237034043266
19.365348033385875
23.90973326893568
10.011159381478356
19.553975214510114
11.283481759233542
13.477487184299815
49.296792137586166
22.691006203046786
20.56961714977625
32.81508469944793
7.419098780842328
9.440539024694447
15.658434931117812
110.00841777355578
20.92463400942531
47.027973843982004
34.54071961621714
40.41296578758967
11.906150715492743
12.809958042602645
33.45500306520267
21.544648515634055
9.278074447297442
66.72804618551979
39.631058925860515
6.287154767932332
137.60907217851758
55.989923954177975
22.856694799233892
34.78283279090449
50.90671975841104
63.77241078327164
16.492796590414667
86.25771804598493
9.997576836562079
36.986107758877154
6.085676461383815
22.47971772984108
35.18466110540327
13.016723935781698
26.859883584228918
20.930443265445597
9.595416542170684
15.345453862020515
6.228446020913493
6.923955026722169
16.753814586885373
33.45468705452303
13.126914228097865
25.440979369355183
10.98954850710176
4.493687150383854
9.969190478768528
62.92170300848635
13.9890488658542
30.370185771495045
27.398731832598887
48.6173971923561
6.012540524416455
18.79088558145854
27.486191310784474
48.931384788651215
3.377422435777374
8.678129470140117
6.411187531074457
39.274666786073695
7.8820609514223
16.10026200375714
6.258870538517681
29.12918872680363
47.68492963515926
258.30131497100564
26.75673351245084
32.865578500856316
11.178356985274934
28.36632687484797
25.485851139728634
23.866182686400553
7.936651791186098
24.252414819157696
29.769424344764026
100.2229939479568
7.404404595400636
76.57236733718277
20.598033760226443
17.5419993673961
20.58999752300689
30.76443949048355
23.282583552544708
7.415498124520717
13.087063485079257
3.829467483288378
45.95487125298567
20.404819133232973
17.737813636835515
91.59066142486415
18.13357084880751
121.37175987147245
17.68289486578883
7.769082160714456
19.67932568300558
53.16738249981312
33.816786850984094
7.054776619032231
19.024461335445388
5.1040315449405576
6.100789990150187
37.94458501284454
46.33502108097649
20.54913734130774
9.039647968586362
87.94158935448988
56.067484494664924
37.734667078049156
14.422145579482137
36.39129323533134
8.137363947435503
38.178507088423494
13.27095162352358
0.8565902347705352
18.2570122669818
6.388890299491811
21.357756758295515
18.611075897156127
32.972227372922276
15.802766094529305
18.389001853561695
33.39624443392187
20.44605828370617
46.72395844870756
52.404855649661904
51.32353164138714
7.986511406925115
9.885499865639787
15.821778091704477
19.44274364632514
18.5959196972047
4.753032221636683
54.30256498022054
9.39144845056617
3.2585261241003973
51.02838281235189
39.137817603601995
30.738112459013493
19.44884776472249
5.686525673601569
15.45294297645824
86.91671201676665
17.02158906734723
24.996376753575703
1.5675539411023982
35.68252157091601
55.4486433467704
10.440858610790395
9.031733288799357
47.65370186479495
21.49591881643465
65.23865651188574
8.817354636978632
45.85566769203058
22.521216957512287
53.94592823265098
13.532750991192282
40.47759324021155
36.53559958318389
14.344010038366216
141.28727002344223
36.757463256451
125.30898874660915
21.308353755482205
9.619323965317687
63.73902536877386
28.048633863899717
2.0745884671379824
20.51787813491155
56.107027021950806
21.053111077148127
10.43068818104936
121.74391136229235
39.05260032545539
21.598644229639547
22.564258344119335
12.295084290857167
7.416544982263771
76.12175662475032
24.740179664767798
33.713636304343126
71.5267517537651
58.40052434159156
36.973648826124176
24.40446628006963
5.666296287178075
181.6369856597531
3.8060997996554633
6.307633354478864
102.45909301846403
40.98072416791306
81.20286229713555
25.20619957651597
9.158011612132901
1.998883910157735
17.723348007727193
26.214691480635683
8.763486966401638
18.807095559612375
17.538166201009492
28.537637460292263
26.700773815538266
45.45050123517103
11.6045097738061
50.11671976312019
31.47041799457852
17.290872213257547
70.53993899082342
22.483514531268835
18.02647056929249
15.72369853296249
33.45254935318247
12.3295579407949
59.94331941474362
3.5157066627138973
6.7920323329809165
13.735260483892565
15.94506181286146
39.99445008057176
40.94718380748204
48.204230290730834
27.55514904001822
6.608430851644498
3.7037659710514186
32.41435706926226
43.75669266950829
14.250825263099225
48.571902978784344
8.161643011007092
66.40256920420667
17.164803262759598
1.934009562422176
28.398138393208466
56.64298750943699
88.9387331462107
108.14872232862979
10.123739987272664
16.866357386049046
65.44304691393587
12.606832346872409
5.5141145241695675
17.3567188899292
8.572375638391554
7.564619207274717
66.41523786526736
16.30708383304544
23.67016746053449
10.556463056530946
43.67703845868133
192.7322557267246
12.168804273732796
13.468385451976715
30.482839652207527
11.024576281672195
7.1084772165478105
10.497034712024032
11.95091870356648
20.729604146611493
27.68979496887032
17.076536676216058
54.9992750700615
13.04279973758084
16.049022869028526
14.554861727151204
10.124579916083583
106.5658260606954
13.357059587121423
27.8699552540747
8.639510647113152
3.519019201184819
5.936467888212147
5.858494148376981
8.126546974266065
6.26118512807252
45.19600213482535
5.162160465200412
12.713777744455415
170.66575068773145
17.44613356850464
3.8704817991831475
15.311798436894426
73.85382235892214
15.551279598655976
2.722987722377943
78.85351061156722
22.9420071205065
30.35058031535415
31.373005755458934
8.224200615732075
12.195941070923325
17.9138400205293
22.3550334067982
3.4493086113029245
30.90631881790961
27.599111562549407
41.03037851258627
17.176923194839684
94.9986021449081
16.29925819000767
6.236792556929274
43.41233925275457
31.482475693548476
26.382844315544286
10.916533777407517
11.160716575652533
71.23424842750251
31.77233276605811
119.02957405039959
18.92850105020392
3.5133560718606613
5.508136964123547
14.08213828618667
10.630102203141597
66.45633665538664
11.82590080934989
37.78687438302333
72.9919755754582
31.97950931682686
9.121122056928739
5.499161545031089
35.029172839286055
31.528357239597486
7.607295061103754
9.224007440916097
35.65858481985965
27.304104463483558
49.292968240872675
11.770658855055839
40.44891242252829
20.905237424806568
28.689068322508515
9.585952337492273
16.419010584483154
87.51771826131197
19.08146130015233
38.22595423568165
86.7349732053765
50.350133526384504
3.931109767488803
10.101532245370871
35.850772817646124
6.022465086285959
9.029910145568861
10.359061206766624
22.68630798880741
3.0011856929440914
5.0753792103229385
15.666512408953277
72.06626031800477
9.078163106789178
6.243021808743164
37.493686429221015
10.090484868378184
7.810167604271062
40.3136201905899
36.66704590595069
11.99743755102677
82.02327141845824
59.963452723070425
14.766216684562892
50.89026748969729
73.23472415404733
85.75758118647619
21.037868901675925
103.11566147655718
4.290919525197298
32.29537352169047
60.79722929862262
2.389248411244343
8.475469207317499
3.181206072360106
26.116727937208513
3.602338043030916
22.804845221665538
18.45692581775744
22.963442459995452
60.4780038117917
41.01157256334472
6.8245445354540255
10.38782196190328
65.66620368860796
157.4751945942027
18.20904223233974
2.8013856991000097
26.46509633041661
16.144060284556872
49.467562705339304
38.78654402259251
80.82495345757137
81.00700023100663
19.25310208860033
14.55666736844144
30.57464041075038
20.767179631835635
34.04588056687334
35.19990616848967
7.748109729802638
11.395192140300932
69.52761079485755
18.254665923558782
38.857735101720095
7.296027957959743
7.097000107765757
49.87943921756525
2.465986796076929
7.877499107945583
12.03167361934458
10.981009487960149
23.15751056657864
5.367317200333498
24.41074288988813
12.91731597372306
13.200865252955053
21.208562280735922
16.180413494737955
20.446041496806934
37.457296886293726
9.87922000629996
8.163038330827794
128.12651034377916
15.696838490146664
53.06682790379121
30.044095662051305
14.162615367969336
89.90026875049486
32.56939354323128
41.38027107729886
22.83488503171532
9.887170835643289
44.00482203560667
20.202972653823668
11.110527928749201
4.213879695509698
17.357170445944313
2.4073756989735147
45.54566760269357
4.626992816184752
12.555906158502403
35.3496145348757
13.373843533062562
10.576569092620645
30.81179380334616
88.18338387448775
29.747845720842403
8.421362036625984
128.14845108272937
29.39633397972242
42.13029573520594
26.6418602690632
44.39345476476064
31.096311907967618
16.751412829009904
14.10311894657562
14.501363870329678
3.513357783867875
12.38061585054125
23.249693730298514
31.635835250077754
10.090365404318453
6.8149890349966
74.01003092777925
16.609796967595084
7.688144923820323
129.86267280872778
187.50624208994918
35.460005412666185
14.673581158648789
16.405836334134367
23.79710400424957
59.652121722489056
7.092875240882658
41.47465486083901
77.47467916156613
33.44432674637787
44.988336859142294
14.338395839047399
8.572562749880937
5.9849660786640255
29.581768312483646
30.286886852904285
10.070057215372634
3.7754711702096566
25.122224308491525
19.81383338529683
45.47702497172672
17.90598275879652
30.992694771976943
9.19583428491307
26.738517278585487
19.102976951993444
8.553333253991921
48.466189942670276
48.45564818907599
61.98972884012568
49.337455938561206
11.433279407730145
174.56904472874416
38.300539142375584
53.90579720106548
16.63121399553117
22.13976862894767
19.370771365237733
35.052335300243875
6.233638833170665
23.855890986284045
7.873092392676508
2.5919487535037025
30.6589955894668
43.96128775368783
10.185829484508501
17.475271829139473
14.045571409328797
32.69408906490659
8.552696296794283
30.64313029037319
15.206777187290589
191.17900803072493
25.94573770381993
44.07418669944523
14.423326804835323
27.272559538259642
133.63047023428888
25.21372174334664
9.641456811566533
3.842492689158404
78.4981397931162
29.495758483087936
52.10413055413787
12.25015494639926
4.093758294912786
22.42985509083131
42.58889401366903
5.254375494558178
49.94355737516753
27.67944415048203
6.447962708163416
80.71811335344694
11.1172083043304
76.34637094538536
60.845510143578885
30.694306748952478
50.2834998687605
114.38442524352794
3.226863394386307
198.53953672577447
29.303640236172317
10.542789962495554
38.61873138489937
26.114300673411854
1.3506013970353157
3.4269204465867005
86.42779350556904
3.5920264209941286
55.61777545562124
24.27934505305071
116.60326207672797
6.97587806558456
25.041801558511377
7.912270054479348
191.54079671082965
39.42609220565361
45.48886792930619
22.50630308673406
163.5435564229915
2.5276276423421966
76.69999814796236
13.550265759498812
3.760064777499993
30.87001883201677
13.258859863571645
35.86640849046402
41.31792012502583
44.16806078883853
74.8616186483112
4.605458754704978
55.60597411553612
35.51894538246367
27.13226466934744
27.322830635237136
60.793308919947776
40.111860488466085
28.745885850868735
25.542754298970348
36.192858643483035
12.90791710405741
73.81238976676639
46.40900637671182
29.12745161084678
15.52316328596392
22.986289785709534
81.23164896273707
23.427961021913365
12.69777692627415
9.238318875249004
162.78780794088783
27.757814492372894
12.025831211081412
9.453008369946609
10.466067416248602
7.951893938204105
9.428082337342072
58.845507320265696
11.124840267126068
111.12437364006229
33.30288527903084
33.505223857620194
10.698416452954834
39.90100828015233
28.604766092181073
11.357151498863383
29.999923603998376
36.03321701671766
9.55122430903423
20.667109742681646
10.601513780686226
7.159111274258655
20.618078028722778
54.98587353359894
20.062539291632408
23.19669913359577
80.65761348157946
194.82857991221084
33.53748615920066
39.72479091960109
5.103919446271077
15.199099458235164
72.889875640496
31.252718885549235
29.275964750200366
10.623205337048981
5.537159018860783
40.614439905806684
63.90130057462411
19.29755101500322
39.922505883803915
39.64890872236517
43.53524389874404
21.87576027783099
37.76431446647651
19.744623321311746
9.339392179752592
2.425356222410861
35.66458537865592
90.21027941188021
45.73439640290515
41.53408583717752
29.533615093783865
23.48297299211507
90.73476900871304
22.214041093692252
14.519441459622238
17.47551702337928
69.64917709757654
34.90818519633975
4.342431263791695
11.50494728872189
17.278085875909134
38.273534425579236
32.9257824546973
24.36416467394887
30.698544443444327
33.57671641549046
26.36035034314037
26.125759558460512
47.36156268283832
11.25529125911621
26.57407141115502
48.890304331557694
19.75676540394405
21.99197440427154
7.517142187904013
29.274139784337414
213.86423137496857
55.597642209777156
14.108362988124542
9.837111375548805
21.188397408788703
32.93087810178336
24.538811348993494
29.787932329351065
53.084654460838244
44.4446796092356
7.2421590203412745
10.224102503210016
38.9747760341102
31.285216343654863
51.431217539893005
54.69992126185267
3.8582831217990274
2.163302954069102
13.513143476822576
30.53831754792587
27.61920114762011
14.304278087355424
45.041446922529694
2.175875030217629
27.874249305364074
22.659716811319022
66.83591491645508
4.85991350030991
4.4900504034687065
21.134021422220698
11.389440069748243
12.196910626412372
33.8675742183549
15.05801679193902
124.74515927880825
10.940708307450965
11.724429785408061
13.697071863610947
4.33658695413981
16.231541482637112
3.7630327565495323
43.40608008058131
4.023743115116016
27.241939993818278
6.261987478480241
15.645185406954784
17.273197094147246
70.78459657995147
9.95996511369976
10.91299479890895
4.986820002668723
5.557286623102687
46.69061092014449
41.39869913139279
6.365457708249125
10.3481864732009
5.537052177637153
149.63241459782643
41.1298045940721
2.782016934231477
13.066218448620473
16.57000304471729
5.689252910626493
7.7757402257802255
10.893243130828084
31.541254212948907
130.32141224903538
50.15358960098693
10.858551827306949
6.106904524402665
32.04168503841449
38.4229096492614
44.99559309338827
18.187669685058896
46.62437187434376
20.29267155750164
69.3812042685953
3.7247405271028584
37.29063307182586
47.526476290642925
8.341884533595627
1.600497001702022
12.926932663668374
25.44420566879812
26.51226367503927
6.369302053945261
187.3946112250417
23.31376171842251
3.4985132022329997
12.25092163109531
10.170864912174784
8.033150282531713
15.828535445022847
74.47064471714818
5.703853252493966
27.783207729038015
205.48730599621854
4.170397484353461
16.94547602156342
86.74099254314714
12.021686017567811
10.073983256877526
10.066027865673531
12.319703017492508
15.814426386342301
20.565341477689962
130.38080471243865
15.60024650864331
7.603399306838663
3.26946254563941
2.8822039828421167
24.737511566964578
15.596648230309516
38.663801231738965
104.54311440057565
61.68157098977451
91.09559351298405
36.07728816402438
30.920071949056602
14.153489754568538
73.99497492845072
35.45121389472052
26.748868265835995
35.439682420417384
30.971364737622064
31.632232731016344
3.7245768741961243
31.965076431201588
36.90712452939418
13.096867553783028
13.641180972874261
11.00977853342853
12.296644953494049
6.070683399989778
42.98949581489286
3.743843045960352
38.483763820593296
239.83406488035664
25.480266043714444
21.256977488678594
45.85515149033263
61.70597082192598
46.912493544488356
29.039832048860536
30.34379094209395
19.64705749963978
5.951688188624927
22.001875714665726
51.60477464641778
15.209658762307104
15.083170680201514
70.2794999216921
34.06608666996062
9.948587073081733
154.69726779850203
18.511896383438327
3.6118831791053774
33.142279713457846
171.57865542644083
10.825028691874492
45.92149388532319
89.1700941212477
15.756971653081125
54.57917955096053
26.58529923640022
96.49462555604745
23.19670802676974
77.58938398554801
8.733007979711264
48.99719154580713
39.31833029983928
6.199395980953394
11.374242013357733
2.6316187023840873
6.427566383571433
26.55289735960005
33.19683911133817
122.5399781009069
13.233124968653426
28.30393026688497
75.0894490319321
23.18511454490567
107.93999177125173
21.51626641684981
8.554189798626691
6.853691627268898
15.931424652798492
23.352269076914613
44.01962555818464
8.024204270908555
67.41685657637233
6.90148700761536
1.5684032922110256
92.44882429826481
20.545571012070276
9.827197776592055
1.7746831452432634
15.102068827638588
38.713756089907285
30.387845166099773
28.299323882605183
55.62400596683977
53.07616622261888
2.045972326976648
57.2979603968481
9.442647899632115
5.873396699448699
75.9787221844089
86.90918925946505
159.22432560394233
19.467764942919366
47.721474003564275
16.68121694212726
24.096705178922534
7.2384802578451675
19.428715963304782
22.385416949662428
1.9933515734235827
1.6973670228894142
16.45683586541797
10.380084569668956
14.216963128775873
10.839118140118828
7.965584507810769
52.42170087139994
10.950058275778794
22.202065890545196
175.09533367011824
13.914220681760597
6.621745570687003
8.001957474805522
23.364672699440035
14.802325526171625
75.36651026616053
40.38667616205763
15.163887454019632
16.17023612382258
54.62951431760766
30.362031877872884
18.94975083187745
21.307415335793948
80.02945412800707
19.823224922325622
31.979348530745153
33.88614006402498
80.26583314989769
140.8786340041761
56.38685287202475
117.27574174496402
4.589010961814628
41.232934024544704
7.5158284821320605
50.27062283383816
21.982391149936127
7.825672308401705
35.58990815090486
12.901742036153047
100.34881903888
15.38768230370266
7.039421811693299
10.698242364242631
23.90532557439171
34.50590188724818
49.91883299063071
32.94710332446245
43.587765845222954
25.75971613702424
11.6868066760403
76.06567456553672
41.109111434313455
6.794159177564615
7.92813737743732
17.257216399986813
23.46897764525879
5.763354468560943
11.193960051133185
16.204718385951505
72.99414367625424
37.65168681803596
5.934157391566732
40.401383071358524
46.01818491159588
13.147431097415305
25.013042320964225
25.600592698403577
61.326885655890656
8.510306754858334
51.745984913526
18.123784900789147
19.892628184782247
4.28710549286073
93.63721122723642
36.56810626454087
6.101789257586844
13.449454001627883
7.3480811054146065
8.890543250787596
6.092469390656049
5.407352058159248
26.495620785999066
3.6705835151521105
13.756624835326475
7.114397234083797
11.47785284911661
53.55174914822286
39.11135205073535
23.607114531328236
12.519276793019632
22.549672733168194
100.33924765123488
3.7172680580934396
23.609630669189638
13.343414954548894
116.48903681360875
21.96783530239899
25.02351492464914
65.8299820905464
20.668323543936406
19.438577277681226
13.291495076022331
18.48064480422119
6.423778722027019
17.622703517806592
86.04743550278344
9.23957254037291
40.282062463525186
81.31351019099088
4.831273925581337
28.976000276426774
10.053790569549186
32.01373111336009
20.34355145378512
56.628020540305464
48.26990080709212
45.152278678287566
24.223776798238827
23.38647982381808
4.4093016015643185
16.493505024283422
6.841845236411296
30.981798748488135
33.33876142323537
53.96104129792759
38.272247705811246
48.75507342838094
29.396670776275837
27.28165840694418
166.2277423836206
30.26931475699221
5.924890504774349
54.363515314468984
24.71154670296861
8.610681126890592
22.760706654845155
5.913414942078899
28.068166518655158
36.26060642771526
82.88230128478645
1.3497469222207226
11.523924521372903
15.845700715618836
3.542725315229459
60.3448984115777
31.581485660950815
57.12238114387633
21.07365834762218
22.74960297731526
20.918921547996796
168.2272461050106
21.45154819126323
163.3390506830298
54.05672289370112
31.78494283582754
73.84389076622543
9.549663404448534
6.020006041923427
28.41916326410492
33.997174513710235
64.64616126989868
7.291633335049909
40.927331221604746
11.52968917059135
22.75542463089221
15.17556142606553
6.320096859689843
70.18042684487922
7.429353257475668
6.06109445863188
14.080547308174886
91.20342196017506
10.05770822858081
22.325384242684834
59.684615301781825
27.29686289796254
24.537972617564353
9.112064493111534
26.67343470842614
11.90781239278283
9.317047169472312
26.044563841574814
15.829376575190024
445.7195452407389
14.911206191832079
26.20747075485816
45.88640439737451
13.80004248966381
19.39001697610962
