115.63513620373345
106.14049895296301
95.4581755538676
98.87889435111254
103.92583033805894
105.74601146513733
101.62765549317123
108.25082392373774
107.8242088134324
117.51134115084767
105.57742384383602
112.79539508049781
111.36625355911411
112.09832814402982
114.35434587126265
98.55037608740541
108.1402532657051
94.11502236556471
112.28744668437736
78.3303464544152
105.48047339085332
105.90379156566833
99.67087309977319
92.20381355227545
97.15252105919427
109.61386845474291
100.9755970958158
109.62295129873382
109.05402323370299
83.25376881094309
101.38071371212615
126.4772112342487
91.74410531282827
100.59844962765054
107.65754033196747
102.40052482426101
107.44603865991186
107.68174029386556
110.18299852809365
101.72268418347903
95.28238025153998
102.98880447513793
89.72950311541283
92.86754562716375
102.08486193253346
90.43066955998019
116.21191054835049
111.94724947085798
90.5583731976941
114.94701628569581
94.67151536330445
97.17718578340994
112.5866025600456
90.61463914777025
103.84452265200034
102.31157730631428
90.14964945117603
108.82245677244404
110.04776364319545
109.35560977325291
108.26431641449051
90.70112842336061
113.5314324282667
92.86671701047779
100.5927146934937
101.56159309608935
106.43031188531735
96.20039211276423
100.33375777550354
94.6171456767519
75.6928671537411
105.41575897956237
74.90929006257628
101.49317558298729
102.3001576838903
102.60088728904728
107.31024692676856
89.70171488583486
110.4643739170652
99.68749936713931
95.17486310337685
106.8203445317708
103.97829850643636
101.2672184243243
97.2559923619168
86.76112570392297
103.82415116376082
93.76254233770733
84.46284316062642
97.31225630348317
89.67650116344396
87.99851211390417
123.22812654166569
86.94726903093226
86.26762263684327
98.60414433705473
89.39577803626288
105.4993081135214
114.47723764915095
103.37599781601392
95.17259258536285
96.9490642919685
94.40106849303875
105.59400001199863
87.52601094698721
93.70967560523638
101.7518666371336
82.25199199701763
96.65636434936985
96.98293539674489
104.20103983392762
98.24783433916146
99.45054742446418
109.03655727164531
110.26133129643424
110.03973211343867
114.76216217196445
110.0954455592859
106.83953783315864
115.8296404334893
101.50572949161207
99.81732262541249
96.02094417827671
81.23652826958558
100.44376454494612
112.53406881752024
116.30868475729342
88.98271466387472
103.50896220695894
89.18219888365059
82.46179828674767
115.82928014453086
105.57684949411569
92.3919104089003
109.16134882614435
107.02526102210005
113.30208254808068
107.56642893369185
90.376463797589
109.46964646008563
101.76457594147425
91.2757496943834
88.99194308411597
99.40589843525017
117.05434456740389
105.23262520122036
103.8204679989843
115.19632775495481
94.68230360163082
88.9674870639925
81.76819235623606
101.88161968445202
109.8409182838695
90.89292609904305
103.35822938274865
96.14985859668806
108.579263390873
86.57836270499504
93.32853298543804
97.0870915613796
89.36274960311134
104.02800134610827
107.5029649105021
95.10327391032882
96.6228498421122
111.15401648153625
115.88922323603073
101.37154040247172
94.031299113803
106.25683438146747
107.32407445598747
83.23370623245594
98.36779988117756
88.27557507331284
101.61664583049641
90.29944753426741
114.55665548865109
97.86298260437522
107.93741374648775
102.89117509237856
107.12084739340546
92.30645381029852
99.85732599283438
103.59971843656564
101.57135687386534
87.78610036261877
114.78908661243304
87.56833189910554
104.42606294826906
115.63515988809883
101.37124931453678
103.55066581844972
114.45633796120218
112.27674160763969
105.3488694897442
97.85668470398585
111.46113064353425
100.89995698922199
100.28017227618648
101.0968754405975
101.56811457495816
107.6479051348826
102.11237171769238
108.43233031011785
105.34408009936357
77.57231461468953
111.51442510624462
94.03606092346438
82.06994156257011
102.50770840850457
91.74090401413577
92.93511284354513
79.41090664308732
100.04235395664884
102.49554996432217
103.14286083504528
105.95377222140768
114.94123161980434
86.19887189711432
104.96182229743376
95.26835650283563
98.07327090343607
107.9964648566225
83.09228319797225
95.4497186766853
107.81847554534461
90.22822629884547
103.07643281563722
113.07476554883489
103.81792276334544
94.34130606362028
107.43075043730005
87.43401671061747
103.94991431966538
109.49261876274396
122.86986418595262
112.54627276973883
99.90055248387226
125.75270323670918
92.74908899698923
91.90038636831301
88.48046656929999
110.70942551351253
90.82429487215535
101.9312979339062
89.6791104427225
93.92217365879148
92.80709209643321
84.78519505487729
95.7492339322909
102.78895026659588
106.02812459544339
94.02775858126552
96.41066494731675
96.02056039441197
98.04816011129188
104.75567582198032
92.54208661544766
86.71171385612072
100.99201738593337
106.25543661280616
108.09109192344677
106.846317622282
88.47499522368693
98.21180975059721
104.24866045556453
88.93614573059074
99.33978403201719
103.34557501685599
116.54585548386811
110.26975739118588
92.99161453497989
93.71989606926122
106.40328033024275
85.2738941652629
89.53551422875053
99.0900001807074
112.24069994105642
113.85832118638868
91.80604512989156
97.04625276070215
96.17977751835068
81.15021135474979
100.01099691277375
110.42349563393927
87.01295436138169
97.04272603955383
112.25228715297146
108.6548956626844
99.9512333964565
96.26598665271308
99.93474231899636
104.18399610531569
104.37098474894628
110.07647370831526
96.09256919641905
139.01524357357297
98.13389014356805
106.34562401002255
102.89064362839598
98.0197065672639
97.32488858811838
101.57291032919923
112.39869731049274
101.48041512372434
98.41166847558706
100.83044095347304
99.82720993684687
106.18034445125832
106.14201249051928
108.3607652946132
94.70622198538354
106.60912664493719
117.33186478329776
111.94894975449262
108.83138156868044
86.16670215065727
78.9317839175438
100.49139479841293
83.30914023247276
83.54750106061951
87.13994271015041
106.80365940016969
96.28697762375855
119.76157367116005
82.65280563580032
103.67980363238968
70.26395591089653
111.21264999561899
99.91940257882051
87.66831417188325
97.9613082257662
111.01021103706913
98.08346422733713
94.53682072576865
90.59549532007279
115.48241341235581
94.8476185246485
93.60191011372424
81.77455642997973
82.98754574267004
100.33566776664999
103.15391935408853
113.55544627887069
102.05805145911825
106.44402888240448
91.88829953321618
106.43460467866588
94.41629616216593
101.81311767078648
97.23367069465166
97.89236060705235
103.93360086362328
70.36643943818183
100.81463467461984
83.67373599171755
87.42874331030136
113.60395545757378
87.84944301946808
120.00363223188967
119.08712272122386
93.87295327753802
95.84962171631658
105.22108565767022
95.41720421047346
86.86577974220674
114.73993693718879
87.22057491318796
98.7688069351151
97.10925685554378
105.68308398252404
106.48564334714875
84.43394511378588
91.17521814625303
114.32534593468452
93.65737811453398
98.56141389371186
99.05272554254329
104.48977317052115
111.89740276335316
109.65238737444881
94.74001722779163
111.38522060398718
103.47897521171741
94.13802495867816
106.12195174115419
92.11687396166111
86.36368965005003
109.1120886076378
93.35561248982464
96.77567743188695
91.6142450852245
87.73435044335287
103.11437334783881
109.2698745664438
83.59816961045377
105.39997463137864
83.88389486090193
87.66142621585286
109.79319224055405
104.4510921195856
83.3158354543919
113.76305886612391
93.59047281794268
85.85310835396189
110.9520611226753
111.20370350549423
96.18607669191066
102.01484675144759
98.58391284619711
104.32424411258646
97.56688724042539
87.58604506065453
91.73569112527547
93.23364025634066
89.51280183718619
79.79920470567153
102.77843386439056
85.42119750771647
101.07103641247869
106.34019835016875
107.42324099387105
101.83936934103224
105.97445583771544
88.15923926182839
94.66601389688014
87.92065266487089
85.87237780491944
110.14886895400494
116.07078694669849
99.2796454906797
90.11441140584607
96.8087798367871
121.06022177832516
105.34797631897665
109.91852988341206
90.74267563716563
114.52317481954145
94.96012469192
118.22255192926825
91.37117759357636
99.12697691123437
99.95921122082397
102.1243350873941
99.31747409961804
102.97056815879489
91.14760492890795
121.76375786052283
92.47434450134519
86.99805446226712
112.24957729661966
106.18998561676509
89.43251026129926
97.64963247449343
109.70904110417464
94.98728134814706
108.47983306220657
117.67175671511384
95.71718216321432
109.35466763661495
104.78410449985442
100.75938016752589
98.9355201040217
113.83609762211415
87.57886676624639
104.58423323832669
106.93762531116812
89.83532668854124
109.91037455480568
116.67248632015763
108.2526481050926
100.73753778716281
98.41809220969336
91.39309228842627
90.0603983554804
86.82654960158327
109.64830383218981
85.39937360568622
110.88027058419979
110.47882538117044
106.95094580373825
102.11811983805751
104.06121015252855
113.2622644430586
103.56372834195206
76.04670221218106
102.4046906914445
93.44684119732185
102.08619392854833
94.26132711786316
82.77793366323499
101.6121866263087
100.54962091620929
113.50309881811314
119.28440458831952
114.1121240204217
99.81519329810209
100.71258205933451
108.45839341409358
106.71724999470678
95.81439586856722
93.50236697969477
82.26374668625579
103.71062286135958
90.24239276559689
94.993944631535
80.46139794075876
85.7733857918783
107.01071962343391
97.28995141835328
89.54446366746662
93.42925128512108
87.62905458145678
90.4935186701693
112.31026811162855
99.77275226569246
105.46284259834752
99.6032585059054
104.10253503754576
125.7555151955999
96.05226565771086
105.84335911504797
113.09865134234481
111.78046800195155
111.79071595399586
103.07482673805883
99.16299174950841
109.93057477079724
90.17377035334043
106.25761877893706
113.56592720557782
108.45354126318071
104.41261400045914
82.08942673933828
116.09804604424059
97.03514208886209
90.45809875493825
91.61599456052835
114.52176593762117
119.13695356480778
89.16509106133931
95.20584489749993
107.555515886416
93.98372316229832
111.94363504829228
104.39511940476437
100.03760767731173
101.24159303003515
104.73714701055408
118.2757849903935
82.72977877348772
91.94801081077988
94.58617154929746
104.75253620449364
103.36320643215903
90.09604759081772
108.78619840712523
97.57620690750045
99.6794428248369
91.52972604540741
94.48906956064825
87.0762712193905
103.38496869710266
94.99230014388323
109.240794350048
121.5063489931448
80.69263279224745
103.99261708524742
103.93805475150799
89.05170647960482
111.22938093811854
102.33436054949095
111.23801496665007
114.21204112857986
113.95599068354582
99.94173139074962
92.67043778099793
92.05092061069867
83.9345719801118
91.17914587643972
100.69745753458687
91.9011598580431
78.11931506396841
118.01894224599447
92.49528388686694
119.13290505830108
90.19673086636564
102.54425364026885
85.3056538329139
93.08143712676015
99.9058383634088
99.71054301055882
106.94642279723698
109.49155879810931
98.33846274657863
98.58926356252604
90.42054823203982
70.79623173675218
121.74604207256168
93.11573166342234
101.34666464519634
96.09700181712766
110.23674999557517
99.7658570709547
103.61921297515586
115.61979323561006
99.50208431816868
94.17724076160852
93.70254464271292
112.67991086038515
108.85215274993412
101.60732425083629
108.2113505812438
102.66698546556938
114.01440010952913
85.96558608010349
91.45203231033423
97.46722572911037
63.67682794180363
83.99902870943733
96.46837967194517
78.72570084280507
104.6239916892462
112.17139157320035
104.8458350955265
110.60745354107694
84.60802016684173
102.60179770069271
99.45263888135415
94.47984044680304
93.1466975763299
97.0185954346232
113.53939910766806
104.65992707998323
102.8027958130809
116.12712891405356
93.08311845705282
99.45232505230405
93.24270715421322
103.11635243972665
84.48975618698233
106.79460447477167
85.07124489273843
95.32626530268293
92.02749441904656
97.48994954766492
92.65318446377754
103.08175217513825
115.33296890851094
103.70487231917267
85.72460088024617
104.13615483255464
98.16430599162338
101.82377228319807
96.09618227508793
81.87608893703697
109.56154539216799
86.80688491715681
98.89572785174022
105.90891214371632
100.62637684356326
106.92163867234474
97.26969153078181
92.7423147731315
85.00717191663037
93.77334941201556
91.53424993946285
89.90369670181147
128.2150050591147
120.08211598774722
113.38720810213208
96.77258702359086
98.48103395971079
118.22541506759801
99.43891133000923
126.64973092352099
101.01804119439981
109.0298825019032
97.3014569575589
112.82388846215568
86.74694156055645
107.67907417197634
95.64946518938767
105.97413854860541
98.29180786354199
111.06049351544004
92.40074823147599
99.17161847825092
97.05316129052837
77.60762832563712
98.5983162816642
102.81224064831338
91.9655190230583
103.77665706955906
83.79907799712281
105.64781967567575
98.8548567348041
97.70570297439427
83.26265668667317
95.54909976087778
115.14664083170102
105.18646772407816
105.87829142098794
99.06776218749171
93.02390872350477
95.95685680033218
77.15469239258044
102.53307839942048
103.31623073217008
117.4462742689701
115.09615375559699
109.05128029236329
100.90823269664196
101.96328276020584
99.43626575729229
103.1323389161505
101.96846839268902
95.36852992526548
84.64906620624464
98.13154779087004
92.67428842958594
110.9037276798617
100.2012250933065
98.53497751792686
90.58590665583722
103.11672537570625
96.61195304440209
93.51568293012933
87.93021579884743
107.97751372437804
95.19460514038424
102.62420194897099
91.1423179212394
97.63078028634716
102.80136462995597
107.63528345419904
100.74951854404782
75.15191327390079
106.01416888996606
127.09808540109857
103.80183496667162
93.48161521267637
107.30607971874684
104.95537023148263
98.87460848673379
113.23874417565409
80.25433014954058
113.41845204498209
95.79033938066296
94.68728909617717
100.41373343469327
86.72128644197967
85.96351773359044
102.08274885517365
104.3192050859561
114.4524097210511
92.29258880493236
110.60732164889397
103.82237503794143
100.58152147416287
91.97370264697527
110.4026212829863
107.2652632822491
97.08251257990166
95.28239547371125
90.06345791697653
98.12775748077061
90.57745703799027
82.62694493743149
90.63237490988557
107.32196969287855
99.72851646435635
94.54976473289133
100.4469738900034
123.50589724800999
107.02126837121988
85.5542423717015
93.70512694077402
94.22961264660513
108.46329761221767
88.1088182073978
83.76399281348074
108.06096380707189
86.48646061411854
100.80993385328274
112.05469759510399
103.81811841544135
120.62357186259251
98.79026488915461
105.52360106745901
108.66753383377878
104.8383838287747
88.87756836222748
106.91501247727922
107.91400270332275
109.09984787609407
91.71450799219924
97.53253242171523
100.75073491576963
104.46366769306007
100.02958745214534
112.30580114028358
106.5794302467344
97.56659983776433
99.63858075740396
114.56998699681358
91.68622477571292
113.86453731652702
93.61366734633344
112.53989657622266
91.72616784506786
91.48540362008978
117.19593470308592
96.7642397158922
109.49504547175106
91.94769487570416
87.83767207418853
109.60037325053139
105.49274660966628
97.67570115698433
90.23510176229632
105.30063007353597
98.70627428746442
95.381822086057
93.46246194974401
83.45349852513064
93.63549010963607
101.50160192367895
96.99140458023783
111.32270545801165
87.06532653310626
87.42265280485853
119.89231029129135
77.34876683171586
83.61513311814348
104.83549788160505
110.86467789753598
98.40887520233362
94.59039022532636
102.59215485569192
86.48288493283829
105.58039397021652
97.69971715256963
115.59305147996481
84.13163275506838
108.51094917407045
110.94068445968666
97.80159490802123
109.4605329670602
99.80095846546276
92.52363403722086
89.70769966633998
103.57100693039709
110.68281745708798
99.54703305922614
105.81125319251339
94.83836971653125
106.31080474674468
107.63574424028764
94.30541252242226
109.26703774035488
123.53555645789959
105.95260426436003
100.37218918423814
107.70630589109521
89.07743894787822
113.69494691087212
108.80108644456023
97.94142498699706
99.7295920519071
102.21314637946274
109.35285389136922
83.67147331994825
99.8579111146026
95.49247416581903
101.5354972064486
88.8668554410084
94.06727370868158
108.26312782044016
100.12708756791412
81.9546571177739
99.46046821281404
94.29479669757183
101.96941097749718
99.40299293985284
81.82295458397118
102.53997927282205
94.05985177537036
99.39219961394372
104.19757350599724
94.61649497067403
91.45179992366297
83.61104397422199
84.77882869595935
101.10165077864846
92.53859961628557
98.82020378993373
93.88830820796564
112.38878998347386
96.56889151360356
114.69578538817161
108.59304461813771
104.68774212478957
107.53170242947971
90.07575383644459
97.7292854871672
88.30313132058349
100.70327314124835
100.86539794931069
102.26334398690783
119.99505450267814
92.97921034360495
106.61728945137506
106.6739888208318
84.07622968836847
117.26732027233524
102.36819453343897
113.09827291375383
100.71316973733695
106.49578926322332
108.16513475073785
90.88331980840121
102.05739100058366
104.03889289593863
96.29973050647403
87.90116357810757
86.33406507248687
91.1499820915061
98.79458570397752
104.94632672355036
87.44372637861284
97.42141075309118
72.67797769988377
89.16779168638489
106.9678920511907
94.41089670924812
99.66276533413752
118.69424849021964
79.565687529396
100.19975270719684
88.9107746713559
104.74934356096884
97.80519985715462
97.28089249530557
107.67178702045527
94.88738307499634
102.32037894700463
92.5421586574759
109.50295482292957
122.52776959755776
100.98130564537112
100.66059320022853
96.71873409566058
97.92679145621646
104.26871104799582
95.26922030952971
94.76152919244059
116.81895410329587
89.77579507293656
102.7318109701957
100.55867109831043
116.05932546288953
103.00761052650817
97.68676076946153
97.12321767490916
90.81594882342768
106.2186903501806
89.52110319231902
110.40685986446883
107.60095233432571
99.55375504322328
89.83271997250691
111.08151108568231
108.69852549505697
103.0809798883302
102.6920759693921
90.53249370086668
112.29476275580598
113.85469604594763
89.31221612197197
106.65973234080147
95.8303492877719
96.47369957847961
102.63939230731098
86.62942348805353
106.927102858952
100.25684082221767
111.71318276539955
94.74163917258171
101.45171725955534
105.46480705403293
110.36516018628521
77.6915455402829
85.55283426037285
112.67581430400931
84.30938212886909
96.38901336920352
92.89693879717024
106.66998330313488
83.27173987289626
100.92815393689766
92.20762815637086
107.44835660871671
97.2337708336175
105.2278282561108
104.21550391178346
102.62375205584526
90.85324500432056
93.36980265996894
110.12131695101121
98.07450904175805
79.80098732907345
103.98175674759516
99.93790504541388
103.66378898449881
77.91838918584895
109.21638502952848
109.05499170392451
121.55387780026251
97.0833350105741
114.71531674321629
101.56305166800192
87.77596013402153
104.52207016451271
107.09759398519328
110.26427209613009
86.88687006697849
77.78862717610626
106.73444653349198
91.38170674265712
100.93987116029106
103.30074598135111
108.4839015738886
93.67402410119811
104.46210536496945
90.39558129195325
87.81955321687413
97.86300558926234
109.54138483602455
107.08139473752738
101.18494606654603
108.04129109047814
92.86199635462985
100.08407950330025
101.46042051053612
97.40546920825822
111.21666114917693
89.35377796736356
70.39486988680923
85.07633586607817
86.92481313691678
95.17874678714836
108.54105778287251
79.62934594201741
92.71132056345134
93.6452986338849
92.61626075070292
115.07882836374424
96.1505219347639
113.74913498103932
95.94251986480411
99.05298158925218
114.23782431620755
82.2401277694737
98.83329097116558
97.63324590537366
94.98592688680205
103.26083397749942
126.1887777366042
117.0406648668307
83.86119740264454
102.64425450091659
101.72026509718519
98.4151655894544
112.50287235017177
119.4013949319455
93.33849744626924
94.61699754935167
94.63869185285667
84.04964615906363
95.9865767408212
109.84340245186067
108.25648770521576
91.93386742158188
106.4644636009394
122.2289744449156
93.09882432803558
85.87137974052732
108.40585407587326
102.1547909821395
100.44845314767834
113.22180479636414
92.43986820070346
88.88730558023963
98.72513179958175
104.23915940276899
126.66905982307905
91.27056358044334
94.03363277719816
121.4662593165925
87.46388147414754
108.47230754260602
98.79941401525426
84.07504702341276
93.34549091727902
84.58287886607188
94.02614701450283
105.31862273406252
105.58998460692182
116.57064697892308
95.3590800248306
108.84619100626699
107.75791472817755
107.48411189315023
103.55438155945353
101.4706729925883
106.97342570577813
108.86213603639294
93.35665902201188
113.45279294499291
104.87801245193099
118.9484348365919
103.84630312733435
104.08042528313634
95.18854689546342
92.7298114483706
92.97775032119803
86.10337108630776
98.73108603507093
95.45149306505596
88.98232678878577
97.9289978528125
107.061915249414
108.23947375337076
99.79109335814302
113.77724275117338
83.83716729111931
87.03040235897697
80.81725086599675
90.30512827265554
100.19905743138989
110.91998201055245
101.48761318977313
104.54880110095026
94.19308916650213
104.8173819784305
116.9101623780632
106.40289561782127
98.29343702578457
126.65520170818168
90.72956884542378
93.5125629737607
103.21080410117725
115.32190459360956
99.19298547139113
87.4886541766967
84.01861610220544
98.17664085003457
106.29199343947624
99.94146669673108
87.08336656265537
92.59203051812398
99.75016382979013
94.9131307010416
87.0589404179022
97.57206966450414
107.35697179104015
96.1352885522008
103.33512804824194
100.37231332302254
99.73708624666128
94.65867551580922
99.74790486218134
109.11853757228901
85.88278031955019
99.85493058288026
91.5554956397071
102.3539563833322
87.16329521006091
110.16201989980686
112.4339171941857
97.39524092442956
97.3104325943678
102.98103552883973
99.95068950851979
98.14599235010348
118.98143283044212
82.64348564606343
94.9205259038284
93.9695226388895
93.15116323796995
98.69423145453649
92.86266979861269
89.09965809743662
105.04182094750436
106.20446029229734
80.7801363687608
93.0909731353362
102.15313813839508
94.98064043376078
101.54568609284954
93.90627721938735
96.46499857507033
88.65978952122865
95.10133960369683
105.37159095978177
93.74107906563786
94.56636339224511
108.01616779818737
95.39082573741314
103.79076388429509
93.66093382962714
104.95488224759107
102.33473892926045
115.76017683601586
102.20065665116348
93.7902637804495
101.41276763605225
91.92179239335066
105.5517656954506
95.0141267434369
95.2374725656669
95.14459926507752
118.41344034049456
107.28627905568763
100.86241464972338
107.31621001595401
123.79128835931914
82.69782230995956
97.48435723413853
96.12302317734607
114.46198860515399
95.05411066590078
102.48175774310276
98.28668861839748
95.27213883099856
102.35701224800064
81.1080668840692
93.74706678965939
97.82906176305427
101.62236256371037
93.68515796848888
85.95909879634384
88.81516059464992
99.96286729329961
101.14032015033503
93.33611748573102
91.13862135440826
109.13914327152264
97.67086085839028
95.65040789612567
100.67735881714265
83.71697190203807
102.8217842741765
93.96658063387969
100.78242171647274
73.86177633116473
112.79128821686933
104.92761075604193
106.54606085872261
116.26975911029209
109.44725569546742
98.73824527675225
102.76728604587153
109.3912978142358
123.15972367445713
102.01715369676333
104.04492548214735
115.64254150175378
118.03053860789038
105.66002597356923
108.1008363534249
86.45230974252776
119.92607315813552
108.98249995940965
98.51892157360051
104.12779813096601
89.70935361632566
100.13584307893598
98.77817607640898
87.3133043295538
102.24607303029738
98.52914284791314
94.27017348557126
101.17751218304139
107.3073161058143
90.08048798103204
102.92219832403562
111.46245833703553
119.16242540044558
92.85562569076247
104.48426791448816
91.28604589444875
105.07305539641207
96.36540484379165
106.22474680121672
96.59391528225204
103.01908264642299
99.9858699213989
75.64003093198775
85.64949042110882
89.9839087972002
98.96835080570006
101.17177822089192
111.71667492850959
107.20811288776837
107.55521160850176
97.4354221812513
85.44420129931714
105.03295788504327
106.18205125031086
113.1334449055247
95.40724821944531
98.82428543507467
91.94528110519694
110.95195675589557
110.66197203753434
101.10312080573436
87.24855501836133
91.1077232990908
112.53812042188875
97.59527824376987
106.44681178383085
104.72737080329054
84.11223049684982
104.84573429640201
97.49689965282762
101.33931053104625
120.92718621282214
118.96367480028606
111.89052070865141
96.64847073469421
107.88895934378765
105.3450452413924
83.43756219331114
91.05564481807207
98.51165524194623
101.75025084047192
108.01988949461435
101.21269989239642
110.31715058870192
114.21587635792912
108.32407127002178
86.90308672559429
83.96096148559593
101.86847218270432
95.57089897580127
111.95186574906761
103.70813897769607
124.24107636416474
87.12160933261936
98.20740972245477
90.9693166230633
112.2515089055708
104.6297665675841
96.6395290253355
107.16856053837996
100.72857569080429
110.50236224252419
89.17824736725697
103.43391825940536
101.47081709919327
94.42630511442883
97.10322091949438
101.64191811102732
84.22168248046951
105.58846563006321
92.20300608519398
84.94027248886056
107.43062907675069
90.4976421508756
104.5983544503697
88.48651192794564
89.06706518845381
80.78877875721273
106.43045562127091
94.47930174673178
110.24387994892115
79.4677224171702
92.28846436695866
92.03189655141115
99.81938757531616
93.92671646388212
97.2301805156922
106.85140231810794
95.502618084503
95.33108339196477
104.58639954151462
120.32273118652085
101.64998987283906
116.92442473969447
109.60367485765623
94.99866317639363
94.034824066921
101.73105709009974
87.38783873593876
121.64276510073279
109.29274915686645
112.75605235606247
100.28231459543096
94.96464160183028
81.39903541795857
92.4683218320315
113.66699565670002
107.84437250857101
112.72655445445064
114.4469308522089
97.71242943657859
94.51857199014772
104.10680541099816
95.73087800760729
88.7569956826304
119.97281341960988
105.40967865715932
94.949247936486
91.03867108817579
94.62789550269812
96.09709433415098
84.48649054771609
95.31067627664339
112.81012220475486
99.46318964514428
89.17892447268109
102.07568039313549
107.82432825720956
100.14107588645702
107.77187093853124
98.38824130547543
96.823576288444
82.14284838553203
71.45441320652506
100.1480583647411
126.83941032025622
85.49009591037128
93.24295820159836
91.01276762207604
84.7960707827768
114.30895858397965
97.67814026616757
95.92425688689971
95.17137984576203
100.85507793777153
108.99560156938227
102.04988836296961
101.7447031117774
91.84969689627246
106.00273657843817
96.15729094331077
91.45051666264428
104.28726794987418
112.76590082517946
80.39488952152855
92.7376371886017
109.98584966924952
108.8473955530247
103.42154652302844
116.13678730320365
116.24382390250491
111.9221059767662
95.86839146350758
113.25786028892388
79.66909458493383
89.82257024084913
79.27607828290877
96.51404737673862
101.15336543040843
101.69892652364143
114.69342860578821
108.86689570049562
92.55372851003844
84.45344035622797
98.49758114736022
114.75623758230961
76.53673146446988
83.89253342649522
121.70854539886119
105.03766726623007
96.41513431734337
105.83280568407376
99.30498420803532
98.30403998395687
92.62775902058422
98.76581606786326
89.4221023773758
78.35815550989248
104.88119648602216
87.22739245410281
90.37819651105448
87.65161160493976
94.2001434153954
107.14033733808358
90.98032241904073
94.06906640709481
103.7178652665324
90.59930206826594
82.31087725559271
115.44465568411142
86.85913506036017
94.42015407651631
96.86812566184429
94.65158728018001
101.73861324413235
92.4518133488892
120.99787803934267
106.12138308703611
89.4715563596396
108.25146322165273
97.63022722275693
98.34672268905445
98.8139892016128
105.65050656673486
113.10995281558942
95.08244538293101
89.56754762893613
92.57968590973522
105.31529522404074
96.01312101185819
83.54233361585192
85.76591378518906
112.10681148468723
103.96702547802217
126.77915756931368
95.00526210118495
105.93065360287578
114.80262805960997
95.28556101406556
95.72472461334506
119.95668617298361
97.31562017755087
102.69910971922926
106.14732906900534
96.16148747472086
103.54832644987691
99.35407189333118
102.07259688838083
109.19380799956183
124.76208415957146
96.68959901107498
95.74250706395702
94.5040540653953
95.30343111082836
92.60761445453345
81.94218741032533
106.32444309013994
86.72284384006716
83.3583942297535
88.46285372842162
103.54552832463511
89.31377814994262
111.32980623336076
105.26126521454891
114.3160073840627
114.75902436242212
102.9072963855221
109.57830785610489
104.015319979069
119.70180657924759
108.23247966142054
98.39806421863571
94.63033227992129
112.00623294529373
121.01704478094624
104.50703355401126
90.02189981062484
81.16063240937024
106.85932189601863
80.41652012137891
91.46237670043794
115.2680626846612
98.65177997593709
79.81733606389808
103.36605309440326
105.52161627903715
89.95166934220686
98.1202790832346
101.7200288201961
95.56666684765494
109.5679177523374
93.82248245311087
117.05264554451767
118.36984831821738
92.86198894601512
119.74245189225454
82.83276359649729
104.02463569319056
104.69954842360141
88.86097521834684
86.63110516207719
105.43472225738866
110.95699279447201
109.05495080322339
103.6635110505194
92.63660543376447
79.61799858787504
96.21460184823802
121.1014476462802
104.753825078478
84.20483065566897
85.98950565560963
112.6305280302813
107.60797294526041
96.3355472467227
102.71219237869104
85.75290000906223
95.43716029152473
100.85050615614225
93.3060158569356
91.23572661133247
94.0205525329353
104.02333144444285
99.78576784117402
103.27483434786556
110.96589590521496
108.18932009721837
121.61419578066946
95.57367819068628
99.44424837708257
76.90953766496597
97.97485791675697
100.17559190092896
89.36967508342035
77.80533518134317
95.58643696031463
103.55775372729333
96.92999143877557
88.20898115645669
84.66506181083865
101.01477419579442
99.22966976371573
102.31128072043406
101.3059843956815
105.27518013876383
103.08838628030381
101.73060992117522
106.32920269891086
98.67297531778934
89.21151023900084
103.42777994332067
104.83204742838919
111.75851675590037
94.32664656033356
95.83327930526893
93.42533783258358
107.58916389248556
114.35304632952658
104.48682419403677
87.44006403212872
91.28453556215638
120.18758821413425
107.48232903527301
98.89838830311149
97.02840479690813
107.28982049272632
79.11724976843996
104.04104671134742
109.01037887684615
111.39478874125041
94.07881382652133
98.67846468705248
101.99692419151656
101.08225099576737
91.83020321299432
102.39518944647804
105.48966167493187
95.15743806997364
95.1666353358447
71.92754027617346
88.72891832416846
108.37394646967316
111.6012872657621
93.33516556394694
120.55025713426451
97.51259963986186
86.97613760944449
110.00713782891408
92.92969257355546
103.19422287522242
86.23483546671238
98.74676122514472
98.07836166363188
83.854845621228
82.01855741704743
81.60865458966764
115.85361554516057
90.96809749189161
108.40794675271411
96.5597649794819
107.05525996254482
82.08908388927505
119.50258967511108
94.6379698605913
93.18138702143311
96.08564812581642
124.3755493188442
82.33021710292591
111.66983318889689
107.8712333082798
118.88380879896908
104.83169438178501
101.06450998512194
117.2502963072204
105.54696638537553
86.36059557182358
91.18966890766856
100.20219961531788
103.96580395369593
101.41932070322812
97.07479863125116
100.0556034362765
113.90870924152615
111.43249800082155
77.73011770529132
105.97034326698409
107.90846240805867
88.2003774270327
110.59035511793505
81.70272031418277
94.00581442271742
99.1325236408329
105.65295601692475
96.83281286577254
93.35593406345329
91.49081136198885
109.48119428637212
110.91276444255374
118.77992455042502
95.53561181387234
107.85414792274145
111.58922089461798
76.80478027978603
111.42620244139131
82.98805788957318
111.5928108970322
110.28207823230927
98.43278533510296
99.82045405810189
106.52523981212971
97.69068028533891
91.5370322902133
103.89255310945782
106.46744021424871
113.97567282896091
105.85267584015241
87.39119094934647
91.19804673385605
101.69997350570759
110.80405778556757
95.70718952669063
111.34676716022882
98.38684790772977
110.4748536102183
107.00731281915732
108.00586411387496
80.1511289393465
117.96188724828274
113.66306407184594
115.4439598661538
90.3864123814304
98.01619087276364
107.21927640334394
116.71867915403709
106.56130302675021
89.6801270811366
80.24128498428891
96.9693098174468
111.05759149270646
85.38479135798607
82.80142419668617
91.6556681800723
110.19966400020007
91.79645679759714
91.52870555155222
112.07607186137618
99.63847942286012
99.87734353916726
90.35039333015263
92.89667223443627
101.91934888440767
97.61150238026299
98.20744964840718
83.61303797794307
92.39089858158096
99.06083223389886
100.39408676198569
100.22858971349284
86.43788479746442
105.60324765008822
115.18036552318621
108.23879695657838
89.70272773009967
75.64743936520439
108.45343612061194
93.12329846264322
103.51081954291578
108.33075093518994
114.7468061143336
106.75922678560781
118.91883943323188
110.01763608289926
107.9807205163392
83.97769183800618
96.52488411308101
97.81385204875176
101.79094397919717
95.16184063604658
98.96503627414532
89.19749294013397
120.9643835255097
103.94422316771997
90.71561054168012
107.31561558026823
77.44904405136151
99.04288186590468
106.94507733468373
91.90321207476094
103.59929437096625
106.27500390954047
106.2961945119973
94.0529819493044
90.0142825773756
101.03167157993494
112.9341311848471
97.60952150181554
94.30692701718871
89.94149395526455
97.88945930406942
99.2481452423131
101.40184781624126
105.99400753358027
99.11067357748846
88.2851248897466
102.34618210444997
104.41791034360583
92.06064917082806
105.36302057628875
106.65261726576541
93.92435027886086
96.0930882352576
110.92609753885337
101.61864114787245
96.30404895585347
101.35539158826352
90.10360181251758
93.85630805651137
109.74260213357189
93.38231093232554
94.01051589025568
90.17712165583706
104.51355643599992
117.95667112155016
85.96509687324685
94.85630496733
86.50712999908667
97.61648976203877
90.13270152062387
87.45571246776822
96.19757668375865
104.06384617382096
98.05063014366584
100.49621542855695
103.25254530478715
76.20230108445573
106.4657844274339
103.21583445856737
92.06441455582947
92.36631992908644
111.21844765848432
113.22455954082903
93.81075958011994
97.5998297975254
93.83085458890837
103.53327866644163
91.66939925877301
93.56179859577936
108.42629683274646
100.9161131355378
101.22647814655677
99.48628178229721
113.36844206455196
99.77403499245781
96.99950752585299
130.80242261022494
110.14698019123739
96.54213974366668
102.91590416137227
104.6937974204703
100.01704361893805
105.8915286616789
97.51674314316409
114.36685033265492
105.74968186308088
105.27038522023997
104.66057986960524
107.76751026779904
84.73563403787583
103.8352512521546
120.2985626351412
83.37127648255156
105.36163228232878
106.83810664952061
89.66202193013086
120.69738172216456
108.19455509613069
100.1299624430315
102.29474608401209
95.83931077119858
107.29357574591215
95.16441210268125
96.06647100239658
103.43080921933185
88.04867035382125
117.02225745951628
106.38668037595316
96.18739249156314
129.59038963562222
98.7844526055321
97.12474248568714
98.43682625413757
84.29306508607478
101.55390289946361
105.93830745763627
99.56397978967867
123.49746975344253
111.85308965186769
111.72827880358705
102.68979346218926
102.55618196463664
103.02502483909521
85.50357468407815
99.1116062999086
98.00801325924049
89.14286033911839
100.74424024593432
105.00317611721957
108.79385917356814
95.80060180636886
94.66781743903951
88.5069799463409
82.11711635927088
108.95899610526848
113.40006551400549
104.29026440345429
96.46317914509959
117.19392987882097
93.4050927549216
85.33830949218728
105.82838637513547
95.945009010239
99.93407612650041
89.89999561940101
100.06379720099818
83.2688199372145
95.8170107279328
109.45151312057467
106.84104538761409
91.08639142024911
95.39805596144848
113.74962121748109
95.35925188367283
90.5791029534177
110.78574596349543
93.57190696047726
113.0053138375997
106.41030016736059
100.88360975691648
112.32158134468128
102.74826650317904
91.74152145173926
105.77018865400191
116.55141900494009
109.41157611236905
100.67295483078539
102.92466755150512
93.90108986856347
82.82767851892882
76.09001590133116
95.90627844145925
99.94331800071978
91.34867517300643
93.22044848758193
113.07071010783892
99.56625027082475
100.33284358506683
95.7441876923114
91.93227648347366
88.94246798598205
106.08532599375683
81.47670550099184
97.08803133112599
95.75249505757559
97.1191566159177
82.18637244831717
109.85530535089593
106.06675062765505
112.01305585168015
96.75028729753186
104.93196548773051
117.21859629041859
115.01254604521377
125.61158872257911
