5.416026545320471
8.643988225936281
47.89476418338867
23.78269553364343
21.789828804400013
46.43583427564483
52.71034177390301
9.696301462956722
5.334738612598867
24.413744019266435
4.219231692290783
146.37145932826272
41.197741680031385
18.33118387495582
5.847704541128692
59.14565355366841
8.307732565767996
8.851042025280083
8.49518978985786
165.09537292395476
40.87171306310083
8.616466571542636
22.591101176733204
11.945966863768552
83.6268407064306
25.40569587842978
3.302345107964494
4.346620755146366
10.56818361024218
4.852401631409596
14.666455470236246
52.75060075951628
170.72573260848108
52.7720569894961
1.6109945994584582
6.679846126324483
57.3223990507282
2.6687196855573867
9.246068569941105
10.190868596657332
47.256847037917176
3.9682996163610977
8.523996703463109
33.38218728085121
9.97031007967464
6.803725352699685
39.312486002786116
6.732432262545105
2.3659341714512063
15.98061326477511
11.361818665611487
5.6257898168622
99.96438170421887
40.34034902249689
4.135015510748633
5.796696519789563
276.4230319726842
19.114752761429315
19.901699657165196
4.392198675869644
46.17265777734985
44.12416930654721
52.74362244431062
82.73995284448299
8.57405406315906
22.576150764350057
8.916880180539604
4.341407544711032
9.889301953181032
94.18517996817836
15.898378477502826
114.89370611906409
15.373009542419975
154.11594802928929
10.417096872226034
12.862774135283287
26.35917469524433
8.1434465518708
40.56934542402569
7.14118277273804
162.28680057612374
9.642780315628357
47.580503716185056
56.01795694468652
10.570451749148244
5.139941146523009
5.562120337858043
13.207530940716827
16.967965845847825
8.259932571104217
20.966919974973777
22.299053330056054
75.4016524023661
45.10100334568529
62.617816156030656
26.43135647253016
43.99296889395948
20.222328928499294
9.445327105201438
96.07570602834775
21.195080950837596
63.54770533989348
43.560989610963794
22.051540965329764
33.529904489659685
2.783454130673499
12.06767599172772
25.79237664339032
6.760691400733297
8.335328667970673
80.99403234736293
13.271371643979496
36.077181043886505
37.02642817153062
89.87470213250086
18.157983416592106
15.294981072149024
36.79167474571892
9.11376990210488
113.5090046965136
25.813205823598523
65.98589728996056
5.789889442090291
104.78050387927948
42.066419003803446
4.125842883839561
10.801835278091355
18.039409889762883
3.0765624817554644
9.50510379228488
26.774729361384832
7.139463705916516
4.918551625386543
3.5204995292300647
12.773138526378686
26.283346290792228
47.88844617904367
6.969389066737524
134.0772848852371
10.434590650284468
22.329765922728626
18.220469995101123
33.14686020432501
14.887325413805339
12.707629384868744
56.79447984476155
33.660942026455956
544.4828195455649
5.1176613115886305
10.35435030114892
7.696496020079205
29.725691806414698
1.9515456821174009
145.29698398312217
9.03943046955473
14.396435600686637
22.181753000653504
50.435746683873006
75.03309133460596
1.3683268287735104
35.05433037274507
17.529480433135333
14.7995593425017
7.329313142853703
26.032346606473908
59.103274475740314
30.857243582568557
23.436496850692723
15.292708903924204
59.035613873018136
24.414599505327008
21.800231978816857
20.912300091366266
18.41248309704399
32.93438596647186
10.926198421095679
42.56070695797962
7.191207241221743
20.395288545163048
13.868528990608768
13.974007629316048
43.77457199062419
10.499429758172322
233.0071688984922
7.725373221246594
28.13867527350956
45.95297335293583
7.946131568985106
13.242470285137065
41.36302044175568
23.341568169898256
5.023047191512496
12.748964499006375
9.419356520601735
34.3925395179794
31.6839773475741
27.732777191934275
7.642454728290886
14.580623894676442
48.6890636880874
60.00106571591901
7.34657683272895
4.86279586158144
33.23189881410749
4.9494082495399665
8.3757416130897
30.563625545711314
64.706822714742
8.146233017830992
5.002618549151684
3.710267742284775
6.888673793388025
56.87215398696965
11.114757935551877
25.244360910955162
143.7315222847152
33.57785317584837
1.0584628898178303
14.16698842259845
14.177654464972411
14.866577757470548
17.500713154636728
8.869532740234579
14.281982100058274
17.62321354309669
103.46854692027661
35.11645988113695
14.375918791183327
17.708298561277388
2.383857127701338
17.6598464490114
107.21629453567073
54.21341522309531
16.093270226200527
10.015159703034584
4.834613797694639
44.12191497171755
13.945092798732656
4.187389495857574
37.37007922020257
112.74131578536702
18.15599247632685
16.907162662073098
239.63607302197437
18.680356408610884
32.773640026872144
81.5833124462688
12.631925274328337
14.407257945193084
20.14621508018874
25.95172656761784
32.85345267430328
9.400779652603994
22.380137819151745
36.744754936265714
14.458079788074762
28.77335161216091
14.957988322669824
10.270427357009957
28.33413065385235
3.383512896799402
5.347153472770506
15.367262195898663
49.116379454144955
54.079002221902655
12.302556238355479
7.157737469008143
55.029121099850414
12.455830961086015
16.001459849396763
12.95473759755185
40.73140518525794
15.737198086327409
13.16039965696023
13.313439598370453
14.786010140486065
94.83861852737334
10.906792588605374
23.93697815027897
234.41198991711966
3.3004019007991268
22.382688882160835
21.77771918917388
31.991843287917025
32.49770093755108
27.249294925455875
31.225981171137427
15.209785821598008
53.11489200154671
11.390672635741781
39.15858998776616
6.291608234993709
8.593678013710493
15.072805323701925
8.671892764491002
11.117421231074902
28.461775435320675
11.868601262689415
4.199301726350454
4.699589650374758
19.221288369078465
28.626141062445917
14.800903690303128
9.408052796360932
6.307829331582791
2.4613302849607512
179.7835208567158
9.619961167452642
56.059803080442045
20.968651787723815
43.333534837092216
36.84867733993772
3.3345188536650308
16.906046076003154
22.17862689557104
6.920787763000752
33.93935032193596
17.284279682223776
57.238335039762426
3.711348811684257
11.540042197839753
49.20857289433286
131.49945669855407
36.654635015525294
11.568870693311808
67.8524976274512
25.868026076609077
25.41330948248765
19.823982607982746
59.99531244610213
9.94251295201411
3.3468338503622097
24.625007265624603
20.56342690529032
32.75914189414212
64.46805433575638
16.085784626704488
40.57148141447062
26.63647431501379
34.466319283754096
22.043996458433796
10.937854215905462
162.7961726722399
17.92725186267693
18.634363486927555
265.55440595189253
26.720343901176115
24.61717104238239
0.9756802228735969
25.2670643725159
114.88426358952772
14.655648830578755
47.133394610860925
33.47518400730773
15.062972068101383
20.52790281735543
24.853491904303425
15.32494240923538
33.230771807712586
34.75541253957043
25.579313439205436
9.864463723982734
59.7061508438699
25.49546008863995
80.42260770134051
42.881432864768925
12.781922327129363
12.105813554039564
35.11284272968236
91.16254189543946
6.303434329404981
39.333046533244584
31.615130013770003
22.992521620355433
39.05758376420738
40.02786906974436
10.090476118578053
21.808834488900413
17.56997574496974
78.94297430987989
18.4903433919247
6.161047612834722
77.1733248390747
46.905291908495215
29.484405554428616
17.09630986338316
40.667375281165704
10.248377667298085
10.879929345273831
58.15368790126804
28.28484462553665
14.253431622683596
68.47882658071374
11.350299770391713
17.970410833196233
8.909338723667721
16.7910446692226
70.97103513824759
18.557235212076684
55.45527497753648
16.8463429730204
69.14308839832792
64.50741127268357
20.997662952721218
27.62238617581934
34.804546093714094
11.515486264648061
21.811036899136216
41.330817224620716
29.273013776444667
11.886811980007055
30.902870214377312
13.927120347229293
33.74583921292577
32.0604323009778
21.556441059905158
11.251562092300196
18.07408274743958
6.101205260400007
34.05609240111053
22.384739099827943
121.49714277361365
2.4289552888794925
66.61212762679696
10.29668916224815
3.6559797828304252
50.8167148980519
7.726053261057722
20.97121495533194
7.333811804919298
46.25363286365953
8.035014412843136
36.60430076379608
36.568302633160414
75.55240276934889
92.76965612424863
10.739886354888204
104.72619346672178
6.641938415012506
56.285280176928474
12.040588335626524
85.50454451117713
22.135463566014614
7.944203479219575
10.001931844785721
28.74033666551968
39.408006712549664
80.1063462833137
8.185265572575533
20.052677719034385
39.283141892492836
162.49848359948027
6.805750377786575
70.63979191382691
16.94193418666775
42.49573222043969
56.85799562545647
33.06821313991839
10.80119809794938
97.59722242049257
67.51634403740894
4.525569045014022
68.25395857011077
13.358327967574969
21.39103668130222
7.192883704400392
30.31135655571766
11.595227669180257
12.686642893772682
2.339547632626265
29.156549810027933
9.801346261247321
27.340799094593542
5.009588890403365
16.769136208465575
51.63328167587485
12.117102379345031
11.80812651582893
42.4957417196267
6.825988262835305
38.133368500356205
8.344040423964342
33.34127532942878
54.03618890664416
11.990385464731984
19.170526649110755
58.50990860086878
16.126897394264383
3.1842083836760398
42.8410396240121
52.94658000911074
21.299875927182068
2.9489331568402495
63.88383781706752
31.34244911327536
15.72208207579433
16.286983464451726
26.574449018828048
29.909598707693398
3.828782352490874
70.71304783724452
23.240309456712698
6.75063377814319
17.5191662544376
114.18681629040289
3.788805592473566
12.987832653497465
16.68345938888495
9.205040072677146
37.360009019214274
54.15129010808535
14.17329367252516
5.131535895850393
19.33589324139568
41.22087408596955
12.19517999371121
3.33081409198844
15.575403383670642
21.397203867752076
9.651689447979477
236.65287359550723
91.56811405027409
17.579385714548142
69.15454127396134
6.507170132868699
5.760941910434655
32.72797036035776
68.86879919292444
79.01157718089348
18.47099010045221
11.69322952229939
13.418734907402744
7.863604043336419
44.106754094628364
34.29290969230221
8.61500666518948
8.553221585836132
91.664453659083
161.81946821307903
32.18515629206222
21.8346716467387
12.670707753621823
63.74638422742983
9.843468441112911
19.181164775638003
5.920862238196633
15.832399945423719
12.288801180707372
31.077500189102008
8.570295937160495
9.253011928673455
8.544289637183041
12.372008141058934
148.88603786249067
23.680270832357103
24.337963092525953
8.864354215217228
16.02500291382945
48.37008997627854
26.113910244214853
63.18504072998718
39.45476518145759
50.787890241683456
66.40488813529475
83.23272702504792
32.18648005895435
76.66067781186536
23.100791375205972
22.428329012399438
12.504607803716354
67.43292441782866
8.797896002670583
42.77337818056161
44.26907176419851
7.606522808486517
17.105288424313358
8.518436542856259
33.07732290030248
14.152258166925916
32.85491953833924
8.683631944397089
9.596401586990998
31.061436647265246
6.546366956020452
13.967858806750723
3.7728635395119765
4.657828362998369
45.79923968652893
120.92536568748524
80.45445272372825
31.01259675031166
15.371864911877248
22.534391938655638
4.420688285639558
45.77263244558659
15.508066048953369
11.908089895088619
37.3049420643308
61.803526116983456
20.130798764101414
14.926986663097805
18.089468026798425
10.775144765188823
8.639575903590472
18.764103234180624
5.053682719243112
7.113269444900028
6.10247708154686
16.665082885548184
96.46702893971433
168.3897541404686
49.99614313459881
4.761771928807484
14.814607916425055
112.43368448018728
31.105565185253397
70.48738553701705
1.5230856796915442
11.795098517237228
20.154218581556727
13.152772952574827
4.8436998638518975
24.98223437474695
23.154575206344866
44.04894491800611
9.14441149222629
7.744050873845504
9.370622102274464
17.911280272923698
4.802655856691534
10.994657192141561
94.91831745095119
37.393963730117946
30.560311050104804
19.042193955644453
23.401043247044313
134.88953863573607
4.458859880131702
54.340664492356424
8.015691832727835
8.683695486163685
55.668216859766936
24.774828151088684
20.466268378920997
57.969912896057814
29.661771110425605
16.252346207809126
15.900580575771686
16.37135761804921
47.164350867562334
31.02650531993825
22.734274273310426
14.263094141038149
28.277865728245473
26.650477196313357
1.4932194307442637
3.35714928834465
15.112398671472514
33.21279126316232
37.96821992355624
6.94685873177833
31.350639743125246
23.287904744881462
92.06826152584365
105.6980795903616
20.731303985661732
12.145243390259067
14.663386889449697
28.101317469368304
111.35703104333066
10.9227542996453
8.550379403513983
38.92951276942498
69.6850878927438
22.623018956210927
15.354589481562106
19.91496659770248
118.59415287947185
21.102753798143556
21.201364107748123
24.18833043594242
15.913468903169568
11.126329419005462
11.340141982421907
11.601404989220757
20.18151765505095
11.276097607083482
44.93125555110685
13.212293414028306
7.223093957501095
14.508031587401227
14.348436051518641
267.8788332832135
36.361965748244224
31.35371453345247
27.90323772885926
8.48893705558814
37.723378548183604
49.76875665252274
16.649947157675786
8.141138168203877
14.092197244877704
9.595682939456223
3.519999576931495
96.73616398127888
19.456739019660493
14.86371890875736
5.348293169771629
11.768535860500956
10.13347790235302
160.84986245144256
11.12865927169693
14.509977262258884
2.4437167395012596
31.470317813134994
38.705611883110194
70.74749083216881
22.17846130829323
6.0627446425343265
203.60617342694755
38.89207726003286
81.1921001471292
11.239646395168519
42.13722927992094
34.39993048293817
17.394926748078326
18.367575787893408
7.768230748369539
10.382677473698278
9.831568711489721
23.65327303229488
17.821093351323345
15.028749408811816
4.354166238352749
11.048336512447467
6.574530869367343
31.890905692806022
35.53175673695159
22.51040453059956
5.523524897819133
6.113434184623865
38.1330026901382
22.745292367703648
34.129928171617074
13.21222628389632
82.31121913814829
13.691002955559052
2.6945305854182813
41.22225267454154
23.61240826568719
28.778422706467236
17.239432939570527
3.692376965152373
57.19953796597116
11.744629608182922
17.389214212806802
12.45377950418815
12.948773696853376
1.881898873028615
24.599142131700287
9.57676136388058
46.29982491147518
10.85130738022072
61.36125212265989
15.930629392458904
9.481015299639578
10.026395239739617
4.800176483278453
31.627797488300146
3.967761904902425
19.052000525276387
21.327688829285517
136.68004252835775
17.788668480952815
14.841685773272411
157.5119030576215
5.134552084759201
14.790497076642891
8.251147241959469
15.489219005419306
24.038340762881194
28.049894107224556
5.89341066609049
25.570457840022232
44.11432833328165
10.025418519844346
46.821502773427625
14.3047707467107
466.5274752666108
11.9253841304484
4.549343832986442
26.039764088235714
12.734388135148686
45.77677376071623
6.716385608167509
11.741296330594352
11.792397917493783
4.520870406350754
35.30337672042712
7.219874644692492
8.813038153125408
44.57319525497709
9.309748413962701
2.858769431248075
6.880035494216534
6.44972211443462
4.232347890209254
65.10200708101671
79.43027667361471
33.41532549318711
101.77344217621646
14.831569903478833
15.996573020233381
19.010383910443565
22.386288740488357
28.91459937065612
77.64000586562564
22.09861526098188
65.64011651142856
21.105221927878013
90.31139528791289
39.00654027653598
37.00060029187418
12.495364594411436
67.10349357874432
13.34197204121539
2.4859283508802084
6.814069120798535
21.31373772805376
7.911346765337509
17.081088138916932
31.337877264731134
26.290283971900514
37.63385861207708
106.83265692104523
21.27663363106273
29.470571722809332
9.01567434094701
70.30838571284453
18.92670059754426
29.196211989845693
39.616352131701554
17.32315417021717
27.71226573089942
28.426463986178057
22.61767266884504
15.632589079256766
30.50193303140288
31.01321964869178
49.35403973877989
5.4046814829124035
15.636264328176681
9.361485741346863
42.49368838029678
24.243659688441728
4.0184874395599435
6.398765157023031
7.542394088841645
26.068266333942734
22.74559094435418
8.227305763133131
35.86686769090506
32.26975566779523
35.56870609541522
40.119822400825775
6.3500006541408816
13.718073723826064
6.976676374148871
24.434813129499943
57.58966142655057
10.373033333156688
33.62454547299952
25.28559434154561
9.573735382799434
10.694639099792091
2.394939625792743
120.28646347650006
19.7377468281375
10.646740805572913
30.86720453794387
7.97773154742848
24.54672187409365
14.402890216311341
20.21391802743517
42.73854026380125
21.647415299183063
12.027725421848995
16.175097712294225
14.677172915347414
10.477439087358992
179.21720473256582
17.839761454705762
5.3732136290909756
33.430961922635795
11.755038513547978
8.54783808634441
52.59967186622866
3.8625752580159967
29.116435289885043
19.028956853460684
45.02844782071358
25.131612248970207
31.17087418512652
9.032954377086517
5.729864359470753
4.645468572269107
9.608140605971258
373.5261118802168
435.39993690366856
5.395391018302664
11.498307076666483
6.929779761915874
11.297498391400161
15.194708330324593
7.89939394698181
34.31986602458594
12.049309141162738
12.884644531651967
34.943088514058246
190.98547459753908
9.230135825809223
52.779058561734495
14.189612869589833
31.910320528286853
16.28983232770055
11.365212384178326
8.183378509634847
17.967091548777756
22.541779982296113
18.39773354400282
12.654215063957782
33.61856771445691
33.49623144501722
50.91972214559344
18.380285728568722
21.955871016649564
9.69114565375724
16.34952066328349
31.40499000062508
77.48989626731527
9.742848066765108
75.60947033837517
21.81304265776585
27.744277486314147
31.62241213255772
3.077403240317895
36.53754224986645
6.086150073346018
5.005146927136391
17.776037150440846
64.59890651607844
40.4436497441547
79.08078909803686
54.57781861372567
30.21342649771231
4.071344986829116
18.817003322179062
7.851957201836516
42.774467337044804
375.1326481913274
7.0084456238564545
16.189169308079894
11.772842072445192
12.7825355212405
16.66069651385815
10.659663360829168
35.75892605101975
88.95068201130513
20.717247425488154
19.289097339504075
53.98371297355157
18.720411901001917
7.532855599279551
7.419436561519745
12.427811237028164
29.721965196764803
5.5214323293571645
55.40757762342935
3.7174230559110852
52.62581610480367
4.459245006033543
23.736155374048383
24.73051068178622
20.885099361747038
13.502956222800051
76.35578541252426
14.195322718291013
18.860546759316097
24.524515410421657
12.672035978872032
7.762762531515619
6.832546618245973
59.89766657164589
55.045883426212114
12.001286716538926
5.926404434347314
52.124425544909
6.764139279751747
39.361231863937874
11.576555439141346
