71.41431906078475
11.575504477084232
6.291311700796081
11.716952357416234
3.908626442794505
7.083116289891298
8.117879965576197
10.069155504694358
41.379162816736994
6.303347993451076
16.63231354596409
49.210770646613184
14.750085953195029
62.23766348106844
8.345823089828347
8.273214894580187
44.611941958461756
34.33228489835346
18.029577345936925
6.125331838389769
31.085821345397925
19.970699914689384
48.087281995217495
49.365185430353456
28.286468980762418
11.281281191562691
29.144753321728984
6.693720627862945
173.55894915699125
11.643424384554862
104.03672260777374
6.061099292651957
18.79828978215406
95.52887719896817
1.9615276948409157
26.29583744925586
39.27252233088534
36.55312310450007
12.163358409508872
8.660734522882432
15.38426468291814
18.255970447197647
15.458258292794701
42.07018145450299
47.93381591901566
49.60246149513868
31.994192663660193
52.76195092639126
12.399934243042075
69.47354951706573
3.954497428888763
8.663968467253857
43.59688771344621
31.38284521431324
33.30681650896107
25.626816425455328
5.080844765878099
62.87359297911776
9.429275905627769
3.4888268294097187
60.77444498106044
1.5311972945928083
12.699550053421145
43.267863860342835
63.97081690398555
41.409530519156604
20.113090074147063
14.258634461348736
60.27097173066925
0.7534106873734938
44.732974621297856
15.259625914719205
23.3943616674045
18.275381570078725
33.74558735776672
12.277006493044004
2.495006847796898
3.852661469120479
10.628026338986258
16.971164305945912
9.12008758081443
9.655568620578707
18.730305134955127
41.336699924164876
37.264549148462166
124.5043209083843
18.758971124181336
37.50646224839052
15.648298979386041
29.777938940722738
1.21601825690491
19.109549000857715
5.337189880589045
31.819121439927432
47.21765858509906
39.314471716242004
66.45082413556008
48.08091988178486
73.72321456050422
16.183642317366573
94.04864077721184
7.040779466502711
10.177737270407212
41.13281665266377
60.958639125133935
6.415843289887489
45.59012601006862
11.154290309987795
51.89470405291782
30.330045409911538
12.399027210188382
30.443342662168607
27.927133065515612
77.10105183384745
11.174701494578509
47.42173069698027
135.34548350818125
19.072591498599582
8.632423539133102
6.726767695925969
13.514678608983164
8.181124197998633
43.889834595357165
49.764052656046324
6.52708378691948
8.701161221092946
17.19601587250541
8.505509723963604
18.500602716109245
17.00397868560055
6.920390791468229
11.969007232394688
14.145783343338612
73.39643594558878
7.443963023751501
67.74252901898896
4.993063621314046
12.425178072409365
41.77187274622351
5.881820690574144
13.13890289382162
13.712769509633802
5.567658925065295
5.411373218215285
29.29229748410304
33.49374659026511
10.892883839818262
60.70866506918179
50.57058485234093
1.4266821196202257
6.997441670376589
15.698280620968633
11.572886334969626
18.944720386820475
59.8012035772635
84.57473468307211
19.77281678998725
52.33020088365175
10.381249835534133
76.13532493930124
19.10192134197107
15.112694072125041
8.40311895765417
5.533735482704745
4.662034418129768
23.853939483547922
125.7560684942391
16.99552820469185
8.895303464967693
16.6126793036397
41.46085752281926
14.164515533292342
24.837655252331885
36.703692983608796
31.915323616750214
51.372731448216236
19.81648862642918
20.641756982274327
57.09309788608728
11.03578119016926
13.74949393728068
43.771590888235245
57.80346761201
19.43405930167978
269.6730198789736
32.35640785241028
15.58027664495312
8.115520355748428
11.851306379323995
17.742675466088425
15.073625222620288
30.05149454091238
41.086104650646774
43.15379147689416
10.032525693209877
26.228434031190513
92.61792003314672
8.100463515727405
10.263454779204926
77.85767710810751
54.23041791845001
17.856129702242317
6.15763819188089
76.99278875875213
14.999314573037694
7.764620226307341
6.7881623227609085
19.335674688313244
12.908794142211846
24.77045908404909
8.025064787672722
13.615386654439074
53.07079028251135
72.7792148124428
25.727147205423478
2.745087906635199
20.064551533141596
13.679302929482223
8.203303406872479
11.649723136438803
11.733787281377781
2.3662658275850506
8.415678548851968
15.71140848505536
80.947626835394
24.085938629924467
2.2550491631760274
10.455179948955656
10.541183069895318
21.541379918418713
17.93035631578564
12.552024436505814
12.246843897679996
1.6392144059952896
91.35117929085241
17.15653394700184
28.076980043835302
39.164012143723205
37.32496520261135
28.288349555193626
47.9980236486898
30.971682090344707
7.79716813155571
3.3591065419680537
12.18385323974075
10.31858043526555
58.35851597023576
5.585879925956658
14.357475489255696
45.7804721345935
24.297435566630764
70.52588826372788
10.753111123978146
180.6056400899649
18.12313381887791
67.4204318474379
45.28832950487227
126.71441888082427
10.130399932240541
8.632444341624993
13.533654012809466
75.76238090085896
2.459795924915536
23.681857053160588
17.1142288159789
3.480699924418489
10.618899910814587
39.10723527594364
65.87872403481444
26.081908071941157
34.777500886845004
4.911511420418668
8.483950583111348
82.5450824400081
13.749405515442113
14.158151147429637
27.28221403848864
114.75896525133473
19.918391040382097
7.481613190928852
19.826878576718048
106.41100242541538
9.161705838924192
9.774179889011103
129.85982465751326
69.04586971194398
3.8520253684768457
17.78933127286677
31.311025803728732
9.240557914342773
6.953188163846797
43.030308536964306
3.6482347657223597
9.219088088628896
6.9417900683739795
19.904056698992385
28.611620386557853
14.176006038048575
34.75823806264435
11.561323696707225
22.601506168539565
7.143020117112302
1.7850958681028106
11.192106620032096
42.33580532001967
10.785311123194584
17.99063479354013
10.582692709415426
8.131165176041723
57.02972569380633
98.49846655927843
10.166555477141173
19.88073157391655
18.662148215451012
5.629924222610326
29.414027198668645
95.84654481664981
34.14543311974871
8.675026587555598
21.990076080740646
9.59241206202261
64.76646159455247
20.562391300460796
19.451454698719203
17.872524244628938
130.50648941912348
17.51363679129093
1.0722226978408707
51.86225652672059
85.56225530679808
89.4652190120814
114.46786495808743
17.86209124315086
35.56116190614023
5.989870542930754
28.92502118205515
31.98323796160946
45.408712044063336
32.91713030395951
43.951978000237226
24.248529927450956
16.92773339374342
30.86331469947075
183.52131594635253
98.02234373552798
53.3300402095665
117.70079679388311
271.8741375677804
26.46479222028454
6.3356790057764645
85.34284762326583
38.2139496440173
20.630325107907733
43.386119122643336
8.36878647825345
185.19393367556563
105.44160484190219
222.80444660768626
17.5493348304928
27.597418483560066
15.721385139592176
16.888018742831065
2.677108722687779
23.77292004614858
24.411994535187823
103.57989437840892
11.496435027663493
17.60911143289873
161.5821889462047
18.039238121673623
44.00658249340302
36.38787617967076
52.277841863251524
38.05936262945949
16.959041822484117
77.49889335941987
5.715896274020211
11.295238621023206
20.728506152717195
13.162425981635039
20.625099969680857
34.241622585534664
17.15853088543325
97.94989455315165
10.378890968793911
8.891108908104655
47.152735209382
8.650704548879679
24.73101588252073
21.640214322372636
4.5522596955554535
7.675229066203679
9.337569763043675
12.732016162005142
10.35751065750255
29.47381285710176
28.514681744832075
75.44020883542998
6.98234850345791
17.702833742021728
30.276727465350252
7.926412138082849
12.114943234295666
9.578132199305564
16.072703123190163
24.377574218353814
32.505922788063096
15.85302413540655
2.145975325870576
121.25333976732986
66.03746656052712
16.094589323051505
30.004598748750254
74.27296834075526
83.8940060596101
33.11967097043344
6.100868344832991
52.915823621881074
9.960354968801076
17.173296399030164
3.961417727290408
23.226890246835897
4.916972029730173
36.5185100300513
2.8578302857062
9.088707428015175
8.57347044470316
12.998064917431812
7.863577907493199
6.70699468619666
21.63773725924663
22.070417967473666
23.065035731353916
33.06564018188139
15.417281191487172
3.9982088980906614
84.94587155570828
55.48445116095315
14.53908293180538
35.2121789505493
23.343686818443995
42.91632020770311
38.78170192412425
9.23355644088299
12.797243227631553
64.27411959925524
17.236528171087155
96.89085274031748
69.36617575742157
25.797750009983254
24.445841333014283
171.72496822089002
26.913851306857918
6.212089004484028
10.330761867171827
9.440859037082442
7.711625707268606
6.181271758583276
33.37980477734806
80.25280137300422
15.77318220241571
29.37499766535084
105.78085138503035
225.64668773691437
5.531432850079686
5.800967595051367
5.9466685511842705
13.131468972204718
71.82631106809306
18.768669584632512
3.1358017487947354
30.845799473122167
9.290476310777535
7.272923742228267
8.095696214460183
37.9324465111619
42.33126014768026
85.66411643013673
4.645429341267097
44.24686839811496
24.484035695530885
9.576817311625557
23.88546210188717
14.534009953548695
4.126982522599643
12.982692059850526
6.011832819951173
46.85438014464986
30.355179156812305
20.44795699873372
21.47655638559452
8.023803157515221
34.21523104552507
17.733985336643077
12.42492724944327
15.566397819792849
34.21055023214337
5.760774460235521
7.255277443790207
8.468625162687001
9.48246848692913
154.13917133886326
24.48547232672409
85.30327782096083
20.1864406024958
23.90465972600636
4.118382676495201
7.012208893189036
62.69120171150391
33.43795309522973
15.481207111721591
4.964308945301748
84.68228028381262
27.647100454324207
65.83836151373583
17.234915503217834
33.45429485803018
17.12277282033336
125.2864864225134
55.116060376391076
10.636321567038921
49.738786523511905
9.222007863792513
25.41074654765378
22.323589201790433
6.106548258852745
51.798635353987265
4.958208032839967
49.32288608777819
6.19999404719126
112.14649099124519
26.24082653595506
32.09472405160124
34.16581384016345
119.3666446615919
19.302396736895968
10.259405790653533
30.172904211312925
25.43745944295917
11.993536699823835
17.53779152418068
43.42883179519862
5.576557090454203
31.91799257662222
37.13768138746143
19.93125381163769
78.34577382994277
75.19342084014318
4.749273847429378
1.5480230522540253
34.33965797682352
32.00786481320019
44.97949699792882
0.9985340017307681
23.682379943411586
38.734042134565065
9.165179556085873
10.535452809282303
40.30740021839405
87.54168296738486
36.896412149657245
4.030637985668291
8.099917024096015
14.244111287940518
113.61917191475321
45.62847091317688
58.74380794624266
42.70473799447728
146.47966125758256
20.86587036864422
58.099279479803585
6.1642170211506135
5.1103892569220735
57.69770884248591
57.702103850576286
41.321960867919174
9.056269504671638
27.11904431258856
7.056385046070073
2.1591569615779536
31.882939764411763
69.76319974982844
2.214755636096997
110.27985853983063
10.943665405168682
30.015818683653087
19.317239594558114
11.425593171308819
47.8381467248243
22.75310065662523
32.850239031954736
89.57233386410336
10.936077242179095
30.551029342464343
21.654079954079133
4.420872581924862
12.324087574040199
26.625279264193434
15.545240224214684
27.243033397968357
43.03248585262749
15.299453226073334
23.88287871648589
29.84348397101702
15.43560920351368
80.3356852126892
23.512920277652498
32.61944289552621
36.3892086744112
58.55910512290433
21.596223697956333
19.08304947707465
23.326347255424434
18.661466476189858
2.909099197090164
5.837285482705968
20.0786945166221
17.526209513650464
6.2051779564992104
75.43933234509164
29.840301354134578
29.82660299642943
18.07871789969735
27.124244584280184
25.670318937210208
7.85703946252921
71.15051238586567
4.252430551129982
93.28452764905508
1.4047131157349595
17.04511053101992
39.24159381068602
55.076045204086384
11.081324231903233
26.51603249808522
38.9560721703231
30.870207097563572
3.472751643713556
8.020162663183658
9.89242356669737
14.418831573508577
18.846189113909727
142.85500623435578
10.618507482891571
10.47421463362933
36.876501959486134
22.87598387215043
33.987231810952196
32.67102041904439
15.441763909352996
13.401263005038833
18.29070196964681
61.865879348359265
51.651861309166414
35.18346314354384
56.234643492671296
65.95685449554472
115.72715197994115
13.295502490631323
62.23482213250927
5.9593255228276805
11.981363565459652
13.5508263797695
4.156748259257807
12.65929506982374
11.744825522200745
20.341633712153758
42.84660541396387
42.522936012980594
21.040088418719666
72.39242685421202
81.65749833359183
8.34885607150774
2.609649329116208
79.18994317680219
85.58024047419264
7.864903992309625
11.000238128004055
37.652134083775415
2.2994996470629965
9.526938803955398
7.8679491152678365
7.641641759285679
20.28078408777963
54.38882767751166
90.98464067484478
6.287951493121915
20.27503449446003
29.25802584636711
24.24055894580552
129.8123409052922
10.06008387669496
10.128722210058253
9.326934417714908
29.264995717634573
30.836426645797196
6.0704707652257435
12.893960372103463
38.25229939254537
9.105194501281554
9.719495780243582
33.63727297859412
18.680797494097348
46.4126885117638
37.18216571002013
2.70949634410027
10.84172104749688
48.80686266879642
37.66631913087882
24.03655720816957
14.545221424762902
68.86507356738095
7.873665735705123
5.618317035612376
21.40407245723675
6.2665722741852825
63.35573863045509
8.683409557818257
71.46212220050664
3.3842207416050347
17.576670288599576
28.90276910923973
19.38424906101962
38.81218380466297
2.554771629985528
2.5958079647482735
73.03531124597208
6.7205486961390655
50.6539237501302
12.495606486691042
45.52760381955065
38.434059567035845
25.6066198385066
29.158750891786543
12.300876140391315
7.344846381806482
22.645188754116127
102.0087097178663
108.84375063566074
4.738792027969831
28.98928242596349
92.58899057080095
10.214247279581965
14.288015374624155
36.88053483000721
7.129004089272925
3.694178495895961
6.255854089176019
13.150432297431122
32.97084034311938
38.307729747686146
12.185438394593588
71.5192024719172
32.71869175824482
7.03294664137371
7.095155515073035
19.871541229384885
12.236621815458843
4.156287217818605
39.77288370527713
8.521876576633108
79.94638733159381
2.723855270677366
33.96209322328933
89.42005908258653
13.745954084157507
26.28605487950837
11.469914145370005
2.993738578011463
12.56432282935505
29.73522774396542
47.67797356134315
61.79416041826306
38.11045331439593
11.609644036481644
16.81577227345102
5.889052876772643
50.34592092706153
45.55124982130399
23.168652566562
95.30001125152474
87.28361796813324
13.256583635300965
74.18303948941576
20.398290425823674
50.14336347995573
44.50684910320103
10.628236009776519
24.744764232727565
36.681723251691835
12.109091283370642
6.9385462192561045
41.431277302851775
4.973486255780907
14.552993634618844
12.816741083355096
5.857753033804472
46.28493812567988
10.816060239772895
7.405155885772759
14.58231247103901
148.27331276654206
13.822963962835658
82.53830468999728
5.178366337257484
92.12761958115374
28.83219273612945
119.0746306716143
9.91067121149924
44.70120659643009
25.671028835872818
92.59888692125094
32.305099328144266
53.66454685157334
41.17327906240065
26.994176796928567
21.893879556899215
25.050680580087246
83.08298355554903
8.978978520434415
18.38228074631194
63.95189427246355
65.87160756786773
13.789988223679362
414.5171676627314
58.411997181129166
4.825494233077647
25.254481066453863
11.752225617340532
29.06891815219998
20.889104587532607
11.730264790764668
30.32094637175076
104.62037478270574
15.140749965082014
57.00478360233558
38.15523106626563
26.708978686344654
12.070888693749845
31.815620078169857
3.747834285899026
21.916650279464953
7.498279217745028
26.61188643161303
5.081626442273068
12.172414550586959
92.71975126383226
26.39990972786275
37.50841620062518
43.71394122321119
142.1519289239061
29.563610123675687
62.02070406992291
2.5573360925295234
26.78342451856091
35.81286780971237
17.237525592394746
7.940035271987656
44.23324322543664
8.178911495357656
7.86427924721124
21.931159899709414
5.668391121364856
61.11768581353543
16.542052066521606
21.106573336682416
29.82312718408574
15.540325315774925
10.662525513957425
64.53908314610179
15.35260916890502
29.743063685355935
16.935753081869535
26.10154693898175
14.212250794927645
21.478520773104037
12.854349901235894
12.5193704109687
34.891970149175336
9.488849659575711
19.119108231573524
63.477187352884854
9.113238993619222
7.332474658274462
7.188073871775978
53.76339547462253
34.633575685108106
6.257265426980435
3.198544885491244
13.520097449346668
9.964888601355325
10.679363718457674
22.22190477666595
10.282856663121935
12.202363522511394
4.598293566096114
71.23596545188292
22.298800266021622
15.266189472081676
19.828563521705476
15.7968597794146
8.413978820555032
100.16602487166125
23.96619584826964
15.977521316843074
52.67719333176775
14.651117463659142
41.70735367978187
19.937773724892434
19.740127224194254
35.53365651548436
11.08495083719138
13.141446223035722
22.189104444415687
82.67191280944452
4.127979097878106
5.750007756076446
70.82014267748504
29.730485436077775
15.510562853171427
16.667281452714636
10.78219254476047
26.98194898579067
52.19826999194481
21.59398011048587
31.189589348921636
3.3481111932747165
40.74999398868627
8.290861634732542
2.083539996241587
12.368604724629954
46.586265871906136
96.98342104666314
15.296182886622093
17.504905989747144
5.436384894837696
30.88384585144873
33.946155541131304
6.531847795456445
5.304472312855092
47.28720988232329
4.780824398603351
39.500425909494446
37.750854995223996
12.548861557317014
18.267251180253417
63.367671893559084
29.561666698013372
87.5538404002292
9.079006075646761
14.43092941456116
12.387201616737798
34.87871716257872
9.511739716648075
27.914769379641587
3.81614820462466
3.979170986452681
8.834892583118734
14.114444678631711
2.3359999597151075
12.840807633615812
31.64024067581988
36.846580073869134
66.07333055577139
23.68292820159123
49.44706266667407
6.186408551421261
5.91038420185137
92.39015918026665
11.683717410174777
9.441263277063607
13.540250645792968
22.689556389033246
12.156544422987619
25.19097437307663
40.1527230419645
24.596484185162705
25.680932723359202
69.98807953445372
8.88357795646585
18.807998243175177
6.134745725948981
29.237555469656304
17.943414081945654
12.704064554552247
12.975128671202919
3.981387447414357
10.35686480055069
22.271101247365078
7.870151278558509
5.069208127424967
24.05165151636803
21.766412411888876
96.67796840631306
2.968724621011451
2.090423702992413
6.940967435102384
10.996169272440163
25.891848250948907
220.78196935823348
7.402267879760633
101.76221112909526
17.412716655525436
22.121306619123654
10.263328080899242
5.324288266286955
38.79943934539096
11.029746140800999
31.08231000511544
19.859596590026957
34.76946896600276
4.890190332628542
4.499702251556766
9.560942226714241
16.06103234143336
92.56850786218473
161.2035834867894
19.301548356533463
11.833657314180861
3.654897648494
22.93902962067322
112.8322653729571
60.099815215796426
17.22239614766076
6.6465734379942925
10.430779874533615
58.02319693361518
68.90138268184393
67.36223184973403
9.302376614580908
18.643063277426602
11.490131346093738
50.02048561667918
8.666837205853147
8.025135835825061
29.820206379696426
6.115033148404824
163.84212967635116
11.567381719704775
26.662552789993132
122.51521179088677
225.6803686658339
34.03250381209518
0.6374693140462734
21.50419949027902
2.8017576670533697
18.469582922863246
38.21776886896147
12.038599985904375
78.38017493272307
21.471048391092562
18.846443887880138
58.43821562686355
16.144891168441124
10.425122605920965
45.27912959302287
29.76168934254358
7.60177075775765
27.551968786247897
43.03863033663983
86.77870185849206
27.155288661333884
7.979311664235398
27.267832023994703
11.259984314586164
7.2764280902231695
19.843829140774364
90.92662026290228
38.25593262403467
15.014959298771334
48.69015460695183
43.76718750156398
54.415048571340854
23.03961976641421
46.16661027700969
24.536968502476135
31.308941931962487
22.816780806069605
68.13205272078916
6.100463846932951
16.403582425303657
8.078516863479392
20.24812127687863
23.585902448887136
13.860437138924421
17.335584063999985
25.32268578911324
26.691899869428852
8.616530821374104
9.145539613236823
20.943740980670388
9.28578305361526
11.343878917114658
8.126311219283608
12.631872035378612
38.11553516161471
17.126261353000235
9.526103904081554
34.77938588084604
33.778972559235925
63.62272164556296
52.36195713751251
7.422169592657805
45.54452921203778
14.474620130476204
20.057641956019594
7.560949972441048
108.6164896055404
18.849801500288713
20.098899514230364
17.33085193882017
26.506027612550092
5.017996086631878
166.88634251440044
15.709328383734595
31.696442678801787
18.927133101150257
41.83438837317657
7.563523380945711
14.786332726984623
28.26675324094589
18.719555029154552
31.042860488823273
17.003022441486845
4.996587844780852
56.00575282794969
9.788459219714637
11.725662487910135
9.744074617830817
93.58821504508252
4.56411079493617
44.058804364000686
22.75698670001657
8.345401046662582
17.629466380764224
8.484335165030865
33.93559612989331
4.622711225007088
18.346366835552786
38.11136860107855
84.07402443027652
25.605287404049243
32.31216718323183
29.893018249111755
8.655703613803425
27.33500359812043
93.79061112464252
104.18541277287676
15.013000237880677
33.19958715404243
6.173916177154667
3.9196786191400075
44.75052313407822
39.10580265430432
213.5093504344964
91.68156250746239
15.556854733595337
17.991315397157987
13.892944748680703
18.69826960795069
23.363818548035223
7.330214303666591
21.393093391667225
79.25256277286222
4.014883276030719
61.364077340618586
58.17089182005697
27.671304565994937
12.89001371042786
48.06900891201171
7.231221084077121
76.18803463510068
18.97161117080436
12.745815137596354
23.64999592156132
21.86322952905868
14.80382689620006
21.14939365213777
21.43567200311659
8.635020625164609
38.44815906093215
12.3994925253679
53.267845730191226
60.2110292241918
142.52835599842047
15.532557773927413
31.670356066590266
7.042003921313922
15.876646762992067
19.50488447635649
71.47138982752641
12.282603559630774
15.289060030865569
29.447793118063093
23.747323272299013
11.153154407240159
63.95657418752603
73.2998110745622
5.523735318438434
31.725624258737863
22.894046841646535
17.662899073465386
45.26734047485356
16.122796771301818
21.99372586779608
6.173411820131616
1.410866158774536
14.771152495064767
5.735843387665685
3.5024180085507406
95.06993182939705
37.05096630963873
23.036832063151426
8.278445374934668
67.52869904909548
13.530408709656117
50.612260889929345
11.122668963816471
13.228447840748755
40.53268317769807
13.688283517195032
41.70158220864461
1.695970070566038
16.24464745289077
57.68385813958441
21.034846848113485
7.544909129075127
4.267055306333986
53.09373505314315
65.4131993920758
7.490244298620566
18.48773983609617
4.271247059523443
31.376237701368392
11.230736344828031
18.441620821676615
7.906919322549077
43.803968333255106
7.0374440996416565
5.884596724496259
3.3702265088565824
7.547632636006292
34.259046545132854
6.193672528907046
32.6292355102732
1.7574196158386393
38.20055476158649
31.855623247048264
6.906440937142968
17.506579706129653
32.0479202425801
36.35576623852716
23.95474291243045
21.84758114409339
25.51378847983588
48.044779706574936
27.219097811892766
148.38477423262384
8.00406920367661
14.924839328677015
197.99738964330942
10.110016880207876
35.18926669887462
658.5768973469468
15.598618374275688
12.873031620082864
111.80086277457738
52.69026336130723
88.52494529539435
6.4644439250025805
20.75869382400756
42.26653927007071
11.722154077087264
46.081649581680956
7.091260121375945
20.836677075650353
3.9693878635232447
41.85405513084186
56.396001117181356
5.3221443606541445
8.800228026970574
35.46906635123335
41.47372840288124
11.768799051194149
21.47054607715668
35.47767007277128
84.1410900846228
13.324998517094453
77.37746303221282
10.23358169411764
15.519122066632344
65.78933237995486
31.924832883622518
16.623012538522193
11.715361769176587
6.637749008646897
5.27879953412662
16.93494838501926
8.07634725542596
2.79581314973965
56.058503811516324
76.61691840676073
25.525809020469385
10.45646628296995
37.21443951889706
20.914811806191302
88.04456135372463
21.00947014094522
10.749988852039627
22.433607976309585
84.94969490963076
3.196936692804451
53.52838999472713
30.20661539244458
36.40336294825214
49.641571397574054
126.00097981794556
2.6852303836699183
17.756875209893842
14.275047363467134
6.5909683722796
9.974714600810255
13.105454121963499
41.67302849948466
17.630211754332734
35.049138235648506
12.259175062240713
4.600290602185943
13.4425969150734
66.00663987791005
178.57262852274184
12.455228314459543
13.22033394647113
63.500014689291696
57.297472857423955
9.54536058573921
12.52196998372563
6.258079211564047
3.947455608676768
23.25476467273779
32.89574883696041
13.352006171772452
50.86468519802496
10.277468840577187
32.358632462307575
40.62112424270049
12.70108116820716
26.176753873190506
4.785646881844728
70.78082279356562
97.47811325506223
70.20347525939727
46.413012943921096
19.053296135447116
10.629699913702309
17.638726012565105
26.223445628887088
37.379434879422185
11.515462047404307
40.77685422631859
37.90624915572373
66.68222688179277
71.12264769799293
18.695056958574657
31.420569480555933
28.095097191536436
5.390235693882791
18.564985182376027
15.856187975054791
12.751773567232652
30.09936969799939
74.70443665103753
12.037305658197912
6.286324708993511
24.420058117211717
24.7815870862881
11.20057418316472
54.038971615478395
16.205962894146946
8.17881175693869
46.20611861781017
58.23877012114765
32.86584544433165
7.094288514934098
11.230132300777033
27.913806429657512
5.898498628716743
91.68841289616233
64.3259986366853
9.887875985212977
25.853177525279282
12.175665135913256
19.176974964384062
16.64768268762319
22.2364649622186
7.883976170381482
49.0270756564303
59.76128064245259
81.59266607886003
145.27894608871824
47.398617060730416
22.324521726870323
41.63766682399587
15.050599930422422
58.2447740549882
13.165294428159372
11.210178780270407
3.948087653890958
6.261245741238988
20.05284659647627
144.98775376552155
36.37372260726393
12.84010574576637
49.40183641151113
19.98594326751418
11.731963208022767
17.40699537986399
5.164414704223272
55.041991380790506
10.050454407602025
18.467864193879766
13.236261673912669
20.38594523327242
22.19008631705891
57.77537905595256
8.020081648250452
22.29713679528242
54.47110193947698
5.358956753698318
15.933670554867767
30.05096546217188
2.3626519253286964
26.93732447944047
5.477195446707786
14.167620079278246
4.59351052027577
72.80006368278735
3.751245163850752
9.737274797801863
1.181880434785034
28.659825148797296
11.605463058608525
35.65269366043938
7.13254131560094
8.482018968662134
33.85389610965783
11.153055208738026
23.576324910788784
1.0608540411055352
66.42820911536224
43.24208793408319
49.40610025975694
6.990861479074707
14.177790278140511
8.058936890391013
27.066212688940862
9.712620111322908
24.598058485614835
43.17275249394717
37.07092447547084
93.33980456461099
5.526870196794871
103.64007676156032
151.50610052131574
15.860069515745124
14.658275900492232
35.86152863544798
12.651594484307267
32.158970996139765
9.804734682021284
26.66505031935395
25.959430028526608
9.332419257666206
29.12571198917757
14.819479214719527
11.501256712427388
8.744178467027902
11.023482573869194
7.45178226884026
16.456956232704524
42.13217224749577
25.24747349787966
54.24476780662418
32.99656817723767
11.9860302532126
6.784213455335403
11.985218235560568
18.894377938974667
7.770437648991997
98.44519137516123
54.105568104634855
7.5411921932131625
39.463733757576534
37.667612935394125
114.38525372903027
45.266573597931206
65.38459577850644
13.558643283591792
20.966200693832494
37.84238595001714
57.505449379363505
23.052383320528566
11.644159426319014
31.792009683275076
50.63061385508234
25.46643217506453
6.738620877333321
4.359931666399609
8.077688422425206
77.06107379053597
9.809154658367824
36.246657617188376
37.57274897781811
6.815396145702043
30.731120551901054
14.369095260183965
12.340792440887194
2.4319183991315505
8.417625190075926
47.18510071613556
7.547257217075523
48.337027317914945
56.57130329701484
213.40472518340934
1.7081870570215372
10.644608494906382
3.7062371244328816
106.93747561475699
9.526256712682516
29.78276837847625
17.924415469342584
52.97072094155049
9.130102063289034
3.3358625172706904
89.52846068082796
12.754549690781312
31.85268470141866
40.394094042278994
29.997006340569307
70.33422242775461
8.65470798013588
6.46444781533921
25.644931836926048
5.66464857638113
5.122974575702098
7.5130693930209205
5.308741748942395
5.420832768408297
126.26357427456846
14.320835409663653
10.184764593779917
26.680581274071837
9.687269236972076
19.078083505842226
33.91614816815791
28.025968479755495
91.95691318325221
109.95134206694632
19.430255010980893
22.049371647555805
11.225454815064927
29.762784691958185
19.374583019455677
7.320477421447722
4.039701829293618
39.040980709197214
15.054039302939515
19.96540912248529
30.872667501789483
28.723524117227036
29.152278476961285
2.0231973958821743
48.60893362691768
12.69890339604024
321.62601064313776
64.93294042965978
11.515533179798576
10.048910689780334
127.76289960531814
10.783887424006712
18.861723156858204
6.238725575838972
33.97919155435711
8.886189258999106
7.52184641967448
25.173178057028103
76.92718079813453
6.7474884507189605
13.372004358644157
180.56185599882613
19.115302307195158
88.6441208403463
20.741840089780396
49.2198177088636
18.6654294061759
47.132427966843416
34.318039705886065
7.489383256342303
83.28212496165087
24.466460102793473
41.752650764068996
17.342840152539956
31.196893168204603
51.00042505376631
21.295234120876266
11.134676093914015
296.8020788793627
11.283077171804992
18.920115729480454
16.56369654938471
36.76512641524102
10.604384067283345
7.274924683292857
21.77959091283406
23.02072010828326
9.404256129392303
13.46406361912613
13.940065865493375
34.033765637354726
13.908937856866363
12.417771724368109
11.067808156149654
23.22176064947015
153.5305307090435
31.8518576024713
94.0121066361319
43.367992941515915
8.47180083041748
37.596233251668494
16.457803481206383
19.164996130096668
6.582650195878785
16.975999794349683
14.011358383202165
23.64655045916926
73.81822244528603
25.170155723665975
10.437398970515426
22.657795336869352
124.68472243537131
16.834585635191935
81.70995246038228
9.303514760330529
26.19058333472344
3.396064040863063
19.78232030711798
49.386677683098554
11.307321629017416
26.412532353049546
7.4413142199122575
37.353692126300366
17.810957155562285
8.839514468841259
9.964354777984003
4.80423192312478
189.52664236351555
11.147318712152847
24.834308183848176
30.99328898119803
14.880431930646457
130.36514533895766
43.80744007964693
6.560995809132103
106.48096886408477
50.75749670201273
14.513836472290329
53.56975859934335
122.99867513967067
4.180098053219035
50.936276908130786
32.79782601176261
6.306616715343343
15.156042095243256
27.383831893208935
238.6157192772617
106.0153954592012
23.22336788519399
36.756246009769455
22.97234741026036
0.8453981488417628
30.186094373066272
48.36026067329543
31.326368271690825
9.15379330591165
9.11219667741333
4.6635326443736735
14.444833337147616
29.985312715440237
33.48580517199881
28.69316640713959
55.62487090778683
64.20282762721419
13.332706988484489
13.220851879104526
4.311200922954502
35.34245330976756
4.698269407862535
28.209885885169335
103.63309919074432
18.4460582982308
13.199731798626152
9.101539962113655
10.745402904374863
140.75005701282532
26.780040500089026
36.36738292623218
184.1936286555164
25.09081830745256
27.404750181450623
8.817999505895957
10.268151513791627
27.67144598270439
31.00551523788941
20.328874307875854
17.766400746198205
20.49347246231039
11.767595129617595
39.20362638338639
12.71858471669081
11.436719229321021
9.87590804789228
30.091631915773213
16.42330183813751
17.384644979569728
14.115049297154014
10.572310236506443
353.98884743491675
22.835435665293772
173.5315143275504
48.82312946753322
26.46962456417455
17.280494362382107
22.332543708760785
17.228506854549643
5.106111317835385
24.522600220304252
6.530518331940365
166.26716244736144
9.434859950185627
60.39619568271078
9.660730998086448
59.86429565027254
19.636864270073538
18.327872101101388
72.03537864932392
107.82369867048462
10.031915536331821
120.03919422043383
24.335537678136376
15.245807090723275
62.92514656111044
18.33299116615512
15.172503821293303
12.550108459159855
42.29340474922442
54.97518199846485
44.149002507529815
17.835882293540678
5.651506867512524
31.988054056523104
61.44888537774652
1.7673000669223673
4.028644248707654
14.016739225298332
104.78934092421589
18.81842452722092
25.59195319579153
8.033262219016612
91.53681393587986
4.382797439880396
16.5642401787116
18.78796029427204
9.053239117813337
32.237397448324806
20.77247814405048
18.965799531139965
12.215845386449338
18.92090350820388
7.791626381397219
11.607371314337188
3.682509431322393
4.081978742609062
67.93474396725831
27.834435455092375
34.49078331229309
6.127760184389197
14.774599686240629
8.871118320432215
31.411397156314308
26.61236365505594
5.192984585818132
8.76415269882096
18.84564552164209
8.046596706733546
40.22845835522567
43.08248250127529
37.89119027751228
5.362875195219024
15.89529956702672
8.224701163405575
41.0882348904731
106.8765276975245
17.90860465619238
76.81559757882437
68.82876095132008
86.73578900788085
46.98695081215961
25.996542451087965
3.6139487881676025
3.1926859499512124
6.124997048583815
7.272610712436617
7.4751372149326905
43.05558824580916
179.6122759649548
2.780307766655878
61.96275155484003
14.313179534115427
33.5521513231748
79.93393911412252
27.51098900593502
59.07582739534742
13.049101684080227
10.70599613838576
20.572637444981243
17.76785126325323
35.85871981189818
33.96375080305994
108.64042056461348
1.9571591933170331
29.720586882956244
11.220490803780237
8.06463187404726
94.01102978430607
71.61156055504678
12.134585359664799
5.245184336354147
22.782130080432033
19.349380362136728
66.1082975655853
62.52557257004267
3.8631016912395504
32.31531278907604
27.150510022148854
19.904898865533088
12.760458677758695
19.257859638096246
7.709733796692394
3.8772192874070157
9.671091029551262
38.583820823714674
20.883882990964793
25.475781507067445
9.08961200844393
71.64050850337175
40.55823698270622
6.830039240417213
39.576739466920166
75.16273516904334
22.915926677729182
31.643371913369847
32.41341758611826
69.11113468688522
20.094365673187554
11.892066721802793
11.09845118176551
15.362576051755351
100.57751252967283
14.488666499052757
298.61440121264695
11.00774680185874
37.58439755587913
14.028753629681898
36.54460920911181
68.84744222682662
6.722664717449873
54.84300933283796
20.025586792611183
29.435474283803817
4.833987552455449
26.723042861716795
48.100495011611834
13.04882619038024
49.35481869720662
86.43038928635886
63.88806357108525
43.04688206356087
66.09582340694276
31.858071951228958
10.359868800649677
22.77131772267217
19.3414038494034
8.979122791329083
29.42886643397335
45.08101760338141
19.725350243878633
21.16741467305246
17.955856476059818
78.16224213046955
6.518417754851258
13.61344050851476
15.16576179499
3.5076301198379545
2.5969346942088114
4.690336115884577
34.69585265419959
18.32019940323232
59.575577029896586
105.1730597602419
9.34680737027902
39.267437345268526
62.62201891643094
16.252786220767824
5.852245689861287
61.10270136530419
16.370978607381513
15.875540802537646
3.9422255914418476
76.35405034329254
13.118990152041707
272.4262212674717
13.919530100292446
21.875155718413737
21.744092399290036
14.478525116073126
120.82515586038502
74.08940623101793
39.464701930524086
62.25694390501124
11.298450387497468
7.232573990180834
8.648307822429754
12.201358463809704
224.61472682207415
39.89509444958629
10.558470517175179
13.00493335162319
5.909859592259886
43.79009766307225
20.50545438406996
38.35084551235584
12.203175624949719
15.313863585517453
35.1782947202258
5.789924470488216
6.1168040499465395
28.478824865187054
13.696936436430462
46.61617919794626
85.18951457357647
8.473505233615738
25.86761980133567
54.577232751800125
72.96305178389258
6.208771767435726
38.89992978267861
5.681984914328644
31.252644721730036
59.902831365880104
21.29398167320546
18.011920627910563
64.6280239853121
64.6040413551625
9.76681154567891
22.24574589351271
101.420331982216
40.13067003296659
20.53555412855277
11.737724237030465
35.16963993442951
19.841944538389434
14.45365476821488
14.827140211766727
18.21543326684461
4.602210226835644
33.396512557527885
38.78786500753699
28.334189070492563
26.17936396308985
2.9355083594610902
63.612856585762245
25.40023361228391
16.197160255316827
14.500966435863083
16.839103322375816
3.41753137872081
35.009559152403824
46.68523408132687
3.966304260568332
14.960144376063173
18.032468724818155
18.26557927851504
7.071237586959903
89.73887064322767
56.15054110961207
29.243344156850707
25.988123024947754
45.78242038933818
36.27885976046103
44.38396027156901
46.126837932758335
35.141509017082605
60.39681148300934
2.0829766513054904
2.904614993501652
104.39050982479537
62.77301794822687
4.664628279349414
47.801017831158745
15.620268267120617
41.62535750191315
40.43453258319058
9.14417578809213
29.425404172875965
11.222612920577323
17.79059664028002
36.38474468384322
25.753611483765873
4.9239475762933145
12.5860835664128
6.358875344833552
34.585251765666364
7.443158424925973
5.922891653574956
9.06597112454407
15.707459026295737
10.341814128296972
33.063339959237645
23.18618866764636
18.595337172749772
15.700999891684198
11.56321291370602
48.20157948954074
2.249817577762113
33.589413010344124
22.42762214067044
24.017203846544724
5.5112983393651245
13.984603775082451
9.908697272331628
8.964324170630302
25.10303630659965
40.20810709127231
35.643403078299976
30.178718827655835
22.331027930031045
43.8045843022555
9.73735973398575
11.496150638883947
6.969283453999377
40.66924537683427
24.041438272402193
14.345984505089401
2.357691514693349
31.50038409652429
14.85796390103862
63.190961240461284
27.488195686223385
16.128317774797924
16.689756224014435
1.6927080619254864
47.15106370816558
15.681052570497332
12.70927688575564
24.48977607505772
39.46989954037615
11.447182774349244
9.011732431141608
33.124735604609015
74.94009426006612
13.089780595711723
18.13918280185829
56.18767803639073
11.286379263622443
19.09907224441927
47.97624379471789
13.1446107488092
32.309963332986264
35.81307763204367
16.382327677675335
7.760552410777147
5.299519705709578
65.4261670558838
62.37460552507082
328.48616436438647
9.988418649056552
8.798106733284802
111.9951819117192
9.99337356191447
47.0654305499108
9.04648075710482
55.825436687825466
16.53300668423443
16.431158038431153
94.55906231725098
10.972212827267954
15.668810924928504
11.54114822684256
4.737168900388459
23.20513220404441
11.113595814079018
292.18434673430403
6.4216787437115626
49.81498889983111
18.520309204665633
47.57719401610611
14.769109943888566
18.882802590037
49.072454478979935
26.376963029941326
39.723879593568554
9.072160205612054
41.23432754544495
72.56452896065596
18.281681292142995
34.23227699976672
27.182099029014626
15.81995351117058
10.531742505117888
68.51946591958468
56.66760672806466
11.731703344198959
13.62520856119911
23.42589318595997
40.26134674925636
64.97857011803748
7.757004341069886
59.78826729905264
31.239500142535654
35.83369126171972
6.562395633366165
21.216532580326113
3.289594457889973
12.072582906666938
8.492152607932116
4.051751237401855
35.07638022979549
19.51573040913457
12.517832317154397
123.6568636444349
22.672499967073893
19.0712044217092
10.751227193712594
10.340006464230132
10.617931722420867
16.513932185629315
1.4398860576542294
5.96850226703141
59.13327768322146
8.514939325992543
15.757965380316888
68.15556465886631
5.418666949777708
7.480933925360926
94.62885849944092
33.0909647924829
2.215822963917878
42.16228398979647
10.397468793987326
8.443561445973327
45.40093613292443
39.1046424247744
21.451392041591465
36.03053803857408
116.0357294089221
7.345694492232298
12.721420706553692
25.849489058883503
10.126977783912526
12.010291132476954
145.2885850535378
39.850617638385906
3.551368761595696
6.7310357220316215
25.99078134921907
48.35248742179861
59.845662441194214
9.678530048595663
44.56901918303997
6.099070295378793
14.80024824937006
76.86686955486336
34.227657157434614
2.1257083309037452
75.16715756945487
46.52126865585803
5.688158999351721
2.9919361530627495
48.193269222384274
11.737909499283209
24.191550239385958
239.141255575919
16.994261186345113
25.95002774576721
493.25794890847476
40.37719828922074
59.13295919717725
20.80646381692564
27.112502405132044
91.18103396965965
28.52739100499504
8.208519087375718
257.96484626124936
22.302610800632717
16.19474424381963
30.97001601282704
5.064146222936524
45.445288658894846
1.411640991701925
1.7442281232065788
176.26560493446814
5.249062423512572
32.49724860331821
22.7570584568653
10.923409361569178
2.874562599095394
1.9853836457581657
26.52195002917969
29.86351808303582
37.55403551315535
23.24933707964646
26.869392506354796
79.37181412293504
24.387164654485524
2197.758547780944
21.592329191071137
12.420990748506735
4.158650131410094
42.75519729702964
5.578270173737144
11.457175796053482
22.516961477862523
14.397998097011257
30.928619738047736
26.345474927414372
33.37206779394446
5.714366617431979
9.487736452556817
103.187673382694
10.019238853473698
8.622569030583419
61.87364666793351
22.206006094917647
21.720420269805754
19.99602312382052
15.854158627679157
21.065184038714396
89.63126067133108
17.158239605531996
31.651853929407153
270.16078317146594
16.023931458551782
31.070148310018748
43.074941961958864
17.427845759648772
24.210458476104883
9.050600581238635
24.107592145132926
2.9912166813184577
348.8772014387025
10.90970358065966
7.021510257462645
64.49757846802687
3.7023954997596893
6.401354042927386
17.023182156995514
16.88736477908107
13.712637642588314
3.0665739289415197
109.13668528478011
4.947719313425108
78.42105523896655
16.149073040575235
43.011073985512695
1.2567123162088687
4.301003699494519
33.54996199090976
8.50936411303787
1262.0392395275
43.059016430783004
3.6170687673839317
4.502634059860283
4.228677111620079
28.84254062848886
13.936552960651744
12.22845353317165
8.757521568008546
19.986521133687216
138.4057524675448
61.45278570249702
51.16259568960887
18.738104137954632
43.79125650584632
53.318306803366774
3.8303278772778766
44.64836054250264
7.586859352656424
35.66782638806534
32.624317777407235
41.50710216982244
82.59379357730407
44.97894164916669
11.039808012608578
92.01145593074438
13.387771382480137
107.44469042661622
21.927991828254633
19.370770771695614
13.054583429828508
14.447199240578344
35.18546553194854
136.49915434592793
26.22311171821333
15.716560500325393
17.908422434401
17.173280217489207
9.146026651112063
25.14094813773357
4.420831250535971
1.836240870162667
28.466315079825918
13.811071723999522
11.927360397720173
8.38105320948283
8.233360820724654
23.178544723469816
3.550632697891834
31.69790482317496
18.027505891880963
84.49055698795362
5.148575415925829
47.12753043759291
83.2472017397261
26.533209318007152
5.39531083678179
24.47296737962447
6.167821415254487
26.273303974454446
4.737480246187781
24.639784184459465
23.32991957177165
118.27617085720676
16.09197388446372
27.332218477546323
7.189085782266143
10.093279064021278
44.03792129213687
457.86853130818236
101.53856953414041
86.90478701908503
23.52911126906252
14.24699358984774
32.62123831438175
62.463594588638024
33.120625466502176
56.663837240976264
17.69366383328952
24.14692131994022
121.26739607706939
19.597444248384416
119.87061809210404
35.54669932362106
8.11177803436366
14.064687850142823
15.344993327698933
46.40607460043575
8.808755356634606
30.381465750439418
7.456390380713126
6.4854037365532005
21.858293449846926
7.276224895635292
28.22818363650642
15.0646376764205
121.3679437285845
17.185557407180127
22.886977384691257
15.890595746328312
10.62201383163611
45.653365266801075
14.505768571877718
7.867243322218823
59.35989319120078
135.36473623991054
9.241803663848913
102.53187196701269
8.154476411874176
50.32555853907316
392.40057811481427
35.35870397644111
45.26202944581322
14.397635014136283
3.7662690996839467
10.281296421862578
15.954079904170575
27.816923716996758
32.961897016665866
31.824556785332085
19.351346910713414
7.0990796144105195
35.58618930737638
39.83957893920544
37.671754810297
18.351677300149216
34.576551709186205
109.60601148308805
22.416822887690568
8.838106613757354
22.77231486473101
10.285782192719727
15.536925531805819
7.092210867221885
10.655486643762917
69.41388766801876
66.24297722810928
18.48376695677281
43.20521208566944
58.84578658296333
5.0753420044158695
109.37520803763698
5.629521734352545
11.205384762020593
15.199584578903773
41.758171279265525
67.75407232742327
58.03798517344621
4.492584077054878
17.061160635212552
92.35487836599702
57.84955317579387
12.712143533155263
20.316796140692713
6.353528312256335
8.848916849435703
25.07950736423399
115.874787092009
11.78477834303527
14.321532576248504
16.79633287534433
19.543211040803378
27.203433752556773
8.350656913623954
18.62493159770063
14.143710833485411
17.49686958747773
2.211093102026538
8.055772896146866
34.86956839719039
6.669249455083302
36.32303375369719
63.48216917576376
8.501886328728261
2.9809556324871966
118.12861720478699
41.51774272082975
20.82850251360889
11.854024028955958
4.28643303896859
11.574325526327366
29.49458452462972
23.74305951779799
58.98508529443085
25.0210942355079
21.993948476380194
33.84595460830161
12.048819380704964
15.348413747995636
24.51564199371112
20.707607315975782
46.81272954336193
265.80625674440546
8.3443308794416
145.91264868279242
14.506866572025192
3.5629769782667773
17.18691373346507
31.60932682595938
110.78469538202212
11.983924179436396
157.23785303923236
81.54391551347001
51.34272463315958
14.277663518601933
56.68182782473761
108.2920776381132
54.57237917555411
21.192605621085736
5.953242219793191
20.35348729293158
18.541768380986642
24.884775817487593
9.181749726989342
144.4742503551531
70.81023050910261
6.215072777476525
9.101942164052
42.90569514433398
153.413798885283
8.46467084335983
6.337682124489721
32.3985641050436
13.757307063743797
5.044334777013643
4.074942333384811
26.486310393686637
17.258018652186212
52.41095977245869
39.694702749984685
33.43956223547892
4.294662516702798
37.77060128910285
2.801039627160785
16.576029652025486
24.04028954075913
8.498860093688316
5.135594140805613
67.25837749803674
10.61037519774355
12.59082415975519
8.784507035584305
50.9892910099286
26.78164431491489
53.31111765862678
47.105202279195225
10.585670688654647
26.31972368017907
4.075635431985562
15.315622940967689
8.848166022113507
20.730654762778183
2.1750180039036238
33.066852494198024
8.108392789142894
6.617957175616188
14.38243493461961
11.467843102861345
7.010917071001413
73.54937820241193
55.364220649540464
17.087868045191804
22.961421140190016
8.190905598701828
8.433872369223337
21.442527401306247
115.91703698457893
25.026732169025266
13.795225995286135
4.6528153535955825
23.453941716105746
34.41912386863745
8.585656635410752
21.51487537614993
8.444132818295781
108.0098607675112
2.617685926695264
15.447566527554077
9.343042927016961
10.181006302101816
15.319940765999116
2.986090331984371
8.333516298195484
18.264456771300534
10.249808093833689
4.704762978669194
13.004617480440729
6.315915144414672
27.582917571165336
18.467790248069356
68.59959888118934
51.814891836025105
9.391330939708642
23.605617444245727
13.998804336081136
154.93443085242168
71.53293783914212
206.54778599865867
13.709549396483638
17.176147536918386
182.8816393002997
38.02367769907873
8.086812354818841
18.316311665103882
4.699206501738392
42.843889448742864
95.88545159378108
15.646201569097173
11.853178520663521
42.026256388668365
23.592413666070623
35.50952324073914
4.860287579245958
14.373027017006887
25.019523028014245
39.760576038681215
22.108484745823926
239.77888274172898
13.709841611536525
30.212573815362575
22.076667221882513
16.06467741106658
29.57294518600132
9.351269507983451
65.60151499029534
10.249987338509838
41.74797535662352
20.781031355902723
25.946283056330113
133.3964749086264
72.91528310381376
38.72433147618534
43.370608163533355
73.52984780597275
14.947839485368549
175.0206720673563
6.455559976222443
3.868000613124613
8.555452293794074
5.638169822472451
14.420555229724947
22.279997941948405
84.26893136660797
135.99325999671058
26.38844799276964
11.88987669065845
15.386721262445011
9.488139122700185
18.124965674606603
114.23230315819153
30.789543591209828
11.338116499870576
13.729190234017459
173.85749315265178
7.615387584619102
11.436549334147406
6.386346824666305
12.629154393458863
28.994484160152098
15.383566620220488
12.40880282523537
3.2592910762390095
18.895895475174527
15.184482986030975
24.326428073020196
54.22284871524344
3.9148366003270034
8.472842214986395
38.833430417813815
48.24673850483931
12.868914039475165
9.012750627628616
26.25360497145986
3.910630569949996
7.059103549379929
15.328200846988517
18.70592718090318
10.800239750180019
7.546456370082907
2.4320144007715307
49.66549391946373
82.81484812756628
12.914977675443735
5.838916809894881
4.394975746035445
1.898015384848982
96.71706710151739
30.962124654439904
6.205473550034162
56.82341484055277
61.3987491866675
29.46727988665257
90.42027217353042
85.75303566804732
13.904629873584831
46.77687124806569
28.07340448469587
100.71944695414207
31.185069796223193
22.950962244213045
9.306811134814323
14.244833321171164
83.46727612311659
23.89654776798127
16.614038059902185
14.632940910231172
38.39487224470509
18.43583015717236
7.624823463817047
16.15520085629434
40.233712610311876
5.615805590741388
41.92720031694055
24.98563608413171
37.57598941929807
9.974198571486179
13.324688644776847
17.51722770985967
28.318852231671805
19.072769622284728
104.7138568123558
14.163721476767735
11.406340081340794
12.717559227661887
24.964324372472248
6.546578041694452
13.899767604374128
22.07943141734602
12.537500754356058
12.391451105967354
3.713700275619889
40.97447502809201
17.158946950127028
44.27904473541939
16.550205586450996
10.698790572747882
10.89187295248097
29.49998347233336
13.094086500257552
31.56671369720943
42.67918929697837
16.523185162648314
10.210773259923993
121.18208990467731
14.21935689400317
11.067839069343771
135.57425386901986
45.88812034768411
22.06295826418279
4.977638417640851
22.449900819518493
2.5849819149375928
30.703451205099178
5.851432375622406
37.829644164298955
14.561591778906934
41.371770990873365
22.060374243288734
25.81422232164664
14.455802869486636
20.17962861328378
54.10247524706956
43.72884497428223
34.13197775343339
14.810323623850218
16.210437903975414
17.845699753904704
38.63237913931773
7.004562690277253
10.422040052061309
7.755365567684401
13.892691402782864
32.14103264476624
6.45311557335142
102.93542799951642
25.17149639666291
50.425464727787116
27.56445715943212
14.048742014326056
25.504465054743275
17.03553196509675
4.648473414946914
42.80123844287995
3.8072086098525335
7.955992106029772
30.974483894228737
20.20997414006354
59.368854508763334
117.2115940813537
24.95711688924679
64.62712141533503
29.125914909542608
11.679789492650961
282.7956117008519
5.251594767350807
33.627594347636254
28.8313942271021
6.627635681350948
8.042305319972163
30.772014555767925
48.42756319661616
12.561508444179019
117.4094080782854
26.624298489199795
48.63398268110112
52.58569440580389
14.949435396924633
12.737276501023144
36.75854585692498
11.333253904407478
16.988471458330416
2.53097574810028
19.516715693577154
28.329059030337817
36.7571442838122
19.395806908095526
118.48126668851403
24.391973473059736
84.42951594410967
24.375235777160476
25.5841769706558
10.153096642832667
4.924854919090249
15.062064221927656
45.81164083997676
56.55309311788127
84.52165664527156
4.620421763139579
15.621088606110517
23.36426907483347
12.496594695187445
9.717123051879167
21.100824773979475
25.180959341070796
10.606666995208943
104.9768800113512
4.018666192795719
44.906341075765084
51.19423980044981
49.38691697578066
68.5750893596272
39.1143602841058
88.3494892932718
4.777482506026629
6.280491798765682
16.307515459053082
76.07256880442311
31.275226251234315
3.9732312601642077
8.245094510184993
20.211805174039384
65.48213422289415
9.17878266221996
24.671883158006704
26.64335930975458
15.349208329629061
52.920022645942915
18.678273682718423
17.587019133745315
19.89777584378628
51.53685018633108
210.60946340047275
17.49585223854398
14.354482145335462
4.377512311724988
4.747891614171996
1.709770871393758
6.898262018023315
7.4972768522990005
6.3487838082626045
36.5612803375169
83.77307389961055
6.63438761284182
6.55521025851422
15.561527198927978
67.51369485693668
57.15058898862013
119.16007660776228
10.996405257712759
3.110961280606248
7.423789545242915
35.19882540736713
42.09433943155388
26.552034295531673
67.36300782328074
6.110093490479646
80.70348263513367
15.841488965859003
315.60158368872106
27.56485558140619
30.591385800866153
5.91718509625283
23.35396634120014
42.90402022221238
18.82023411214864
33.118214635929625
12.646070891394373
57.84437226966857
15.467202666861606
28.74994459307402
9.514675032134368
6.572007525609223
3.8743976201296815
4.552873525569627
5.175483618604642
2.5504777979271873
8.26236482958127
17.691945857872543
50.3065435128069
12.13909668166745
6.396308473716098
36.83192703275031
49.19955039748364
107.83734898148944
14.125106255832545
19.155265922634346
16.200864671895854
50.130520014530404
22.297797801569313
14.881519513724596
8.280142384179529
44.34246140529824
29.139368133358243
8.78542228459874
9.73719993000067
4.627316384898204
24.246691886134084
25.311466511676127
11.378536216171799
12.958872252584097
30.80171831654068
25.279985558659252
29.36334482941715
7.1852021773735455
1.5267511885652076
37.02055554325647
5.796541480367705
11.163620152295637
74.19123503154836
63.993530259548095
19.337568119651593
34.34738359462793
20.474377789642936
29.877873751026673
46.097606093491386
4.372100473754648
3.290854123803207
42.7790445788943
38.44212688644093
130.29403706236303
6.767785433804006
38.21065698799354
14.24506620940599
62.76625481694011
4.0828285917811336
29.34631699483172
39.06760252935649
9.042304692870983
8.147559395139236
13.069165985417253
21.13880619707401
63.474585239728064
50.83512378252779
21.941312481445063
73.83381765890888
14.528262182994188
28.724392923859195
25.89765855304007
5.268485359301301
20.55263485014478
28.168327404263213
42.82352329347178
16.408482626648556
15.884281333918429
10.91163475082674
16.060624565907194
35.95851120958116
9.417053966357132
26.391739411261025
7.732047731833437
54.04283909791
140.81935598293504
28.419228049820905
16.035692952062988
56.081526468936836
34.033514827212954
16.45804056277093
65.57938099987112
10.212955587057516
13.811344852313683
43.21060456200693
13.782881254181493
49.68240376100425
67.21606686605105
22.783175118617695
42.30066024754832
32.34637356750518
29.738434231460197
16.960426646294067
22.888495816950343
47.865700332897454
34.76324962465717
66.83155996520424
33.146859506471486
22.93603486590696
18.938352392338167
21.512620673002434
42.63105653709623
9.002240668833835
18.865370473913206
29.22849181565197
4.665281382323876
22.482434085727636
51.39235790397763
4.70343433653594
54.063278755534164
40.92580530252543
7.827272749464589
20.913819938936598
102.21279853640686
23.35928509903276
99.59413096003406
8.676733084362821
40.70098428797095
20.280327196513554
47.784516321593706
32.31571920030908
15.860849619546812
21.81372195223518
50.01796582088091
35.8323761584667
23.625159785470093
29.086148084751684
32.292274193281536
131.5007861146284
10.883343427260371
54.93531315676648
10.40425651597875
13.803703231811895
37.55863431126312
2.212582236420497
34.922462417864836
29.51275626015396
28.83000845252299
41.92777180903176
42.44101367256241
3.91934696747489
33.32313719418604
7.2148514277751525
42.482440077370796
53.54458399222265
7.725483798148729
31.830520997249312
7.050643142714399
148.69700963866708
15.006877451612752
27.294411437491064
52.14618878415955
3.3556813914775385
18.941785460492124
7.0289105762626045
19.511345436355047
49.46747728017336
31.362201705030692
7.374744766163467
2.448765354990513
19.405806838125596
5.840404407789887
12.755162086056572
6.11279386551053
62.81538905201698
48.037050610626515
88.46594594917843
6.274259177040291
17.393379663037326
8.768746133651241
44.41971382242269
28.843691786894095
25.712415368031657
9.596366600650203
30.917988134248642
12.240331927946746
5.482469294836213
6.107766358298074
33.11103323437043
52.513117497315214
37.31764533869935
27.57308630301547
10.850720011210644
23.888241286868567
50.593505875969534
39.89471371869949
38.297397381068286
23.51182867596491
54.975731600379845
36.84209381783472
23.368220944903214
24.889498831659818
24.13399460668721
33.557455548486566
20.782355536240665
28.18259963341641
33.66840011181463
46.42906209037238
15.530731321636745
20.13852408163152
11.089206570662888
1.7738393821994056
12.170129982502234
244.53899379140262
47.56632684847368
25.257559717148435
59.94926219641413
23.381268086501606
10.9847635336818
38.407071844368886
34.36224618726469
7.6959826638617725
87.10441144503103
13.701491135113415
53.21122025487673
8.791228435538548
18.394206647071982
31.47026053613091
17.09771628410552
19.39280326265648
17.752452011205715
11.656623002722021
35.15911593113442
39.88272292091403
4.642917018868296
7.323724179459981
14.147768155224533
38.683926537808595
10.4304402925933
10.997036277803701
46.551354732518554
74.32926160938395
28.522193057506062
85.66173746353057
9.571427668375867
82.87014619399312
9.407132057752307
13.470913282881394
43.55260317847005
0.8943179587460486
25.270176441924576
37.03974820185982
13.595132241801672
15.596067922984059
205.8435767356421
28.88996295598451
27.763821473359847
32.649296883647786
30.88331860643424
15.236163959039258
120.09500628967102
29.17555306558486
11.658274826618742
5.522085388625441
15.428912415639637
56.25940970431557
25.746636913822293
29.88488227812812
39.61247665443177
22.086753350467497
18.680657124947047
31.53031846400627
9.957318980223842
9.278436273248154
27.02357047803858
14.935385600958446
31.920274762038154
10.827534924742707
23.27663809623119
10.609772431570313
62.197926955348834
38.759327518855336
73.02231203489788
4.883915523573525
6.785264518761198
39.14178588462289
20.198202304406923
17.308349992323627
27.052411433593132
62.51446506938178
9.271338148085091
26.075030264546196
8.2928603125425
11.980203901868181
65.30214928438072
15.3532415276091
37.952789117127836
29.166487829762485
6.993073082213462
2.577735365923938
6.10124998082974
48.04437353751544
20.70210916772349
10.619465210771951
66.96259802084467
17.706821127523146
60.00711109133737
11.630270761738565
6.5371935336544835
105.03014169125615
3.461566089442402
7.249598776385875
384.1274038967662
23.06603763535107
14.210694346808774
14.64027899318876
109.11665837284535
40.73434035114487
74.67226061032466
11.607094544976967
66.89850630159582
108.91022341073061
9.799580434771585
7.113368972971024
3.4281732875160387
26.626691645782998
3.9199382245934644
126.62550953091089
7.813009448001182
49.17179238973969
35.13362373156464
7.6599228546804214
7.644029414688234
74.69925192078
7.832678654286283
19.64052019483118
50.26451832408367
27.32408804167758
81.13068446617518
24.630740976411428
16.424067363614608
37.51157358244594
14.49879786719672
7.720432468050304
160.742788472661
15.26860242914837
8.10581486896165
146.64127771007293
10.407564291984073
29.496673873422054
48.69147341987272
66.16258577046274
6.651997602732114
49.483328156717135
47.21387369517818
8.357330364338598
63.60626759969506
3.1147880268372643
6.523380499309631
66.72744688261722
13.970617362508257
181.99439686773127
3.1600268669968394
43.200142841751365
32.62301329147588
17.47538236622079
10.18828719619761
18.13991262707478
15.268783217300966
83.11797869047349
20.333050946762892
41.95418836196297
11.944525959923482
6.806458329248059
17.814846832343886
65.62011034610401
8.147502527479249
47.96501720356575
21.15028816598968
27.914579497577847
254.60631160546694
22.456864190450887
9.324583709699525
9.332004078780388
3.642218095197349
18.56908669998867
8.081325419342459
7.116375505456367
3.6712688425238067
10.131815058913107
23.38369892588749
31.567627185870556
33.302468315528756
6.683000936741707
151.72416849314897
17.256689252200758
30.25144882327507
48.53162616582619
8.433479206206329
48.07188326864382
10.148913361123915
18.455210532978803
4.829748588470892
6.269429557198291
60.162583725832036
111.10712423316082
16.436310470447644
18.849028317863873
17.206977840507072
9.57242489187281
13.597360591958552
2.553947008164974
86.81075519806934
67.0590695299332
25.977871660496277
5.421122751433147
33.94907453297308
7.13567302848138
24.704886175089474
21.59399600065272
67.68841441639167
63.88257641437772
47.80106229245855
8.437118684479668
10.62960829026873
21.26704746873973
22.928395431478865
9.645362558899098
34.593365805556495
7.224612591732535
500.6994338069454
203.9281053770129
5.58745742009464
21.21824665720968
31.20260763598592
20.043793267415854
39.060495250605285
105.60063028075781
48.16758944364955
35.280579578995905
19.545358789248727
39.13362325956887
6.833225843838345
34.68227621026812
191.15745057548966
126.27200290518891
17.352203362643667
14.64626426239528
43.869104698915386
25.503536888479744
93.42013372332045
35.448632846288646
306.81341955309904
113.31384814584513
30.414896193940102
30.9214006309083
11.203094344337611
7.839840663698105
85.74156984848842
46.17404717191118
3.0803272072489234
25.093766677637735
22.2505181840554
87.12197212108757
38.921247212010584
19.269018387850288
6.170561856860688
12.07343716540673
9.109599004976142
15.18595556858811
36.336783515649515
70.53826391919334
28.50332781117891
17.047128011106427
7.669699947827513
35.99908120209315
40.819234456078455
21.865767503368865
22.497521551998975
60.46599162215815
9.508947545267366
14.553943772878682
73.3448624261918
2.878131592507332
20.456873397472823
10.78913458124973
6.8719393234603645
35.666427725824725
20.67894634500895
6.204893044109611
51.80528892654019
178.5980159614667
10.447417037570464
24.799696438516882
27.066656633818955
5.997440412782471
8.552275176542222
12.838104806335755
34.092071124756096
12.798171533238415
43.615441944712785
22.143389830310447
32.63050497021028
21.10493656017321
16.88807611866558
42.123133834989204
31.20054935461113
77.53225106854937
21.286748968192953
22.603719739762187
40.50986710682852
18.429455014086454
32.017128286599174
8.165142333719475
32.23072403076997
67.06589354876618
179.3918438858057
73.63703170829201
7.553712745289877
9.13107398978091
10.239154108869299
18.47856088840817
10.520450229786958
10.549213021862917
13.704375094218435
60.787921468419135
1.9276592718140266
50.29472104052809
15.071338169086912
67.21365926985428
16.202445710055162
13.873001207563853
11.635013292210811
22.213086274659883
24.561000583470058
93.99905511612204
9.488591518588839
67.04962732220038
3.8710794315384804
63.26847784442689
15.239801869613867
14.420194093701369
53.29906277171846
12.857773297037443
9.00601980317741
40.18806415353738
27.537170998789133
91.87528674084076
48.85782448252136
2.7774849164626114
6.861007766579675
33.469449541061834
20.282540120696336
4.008302716581515
32.94993762772858
21.47056965597235
40.10424907902854
28.58884467857891
11.149410777892385
13.885956584345232
7.653707628705388
5.230630124301834
4.498190272734641
43.95790130161526
22.33343300407659
4.2720765726439005
35.16166329177449
14.547461874322904
5.1719494186277535
76.15123714604128
3.4479978342500623
8.456863311350014
22.699509327333537
3.4862931513504645
2.7014655914460657
24.603283744872027
1.7053970517489163
33.03548645932668
5.576746667498781
27.95463010950727
38.82222791629631
0.8323681938797441
5.748114569470008
519.0246756714237
122.09283600543993
38.757688340380476
48.577024063454786
42.54333403973246
6.622392555749816
24.043999670030253
8.045407540344545
6.809885152681724
11.88763161280654
21.540868164678248
63.87676175812395
8.983183433443276
10.372588978625704
26.06616365779313
36.30047097717736
13.70338007200861
14.007005346890368
6.99195424618052
62.416374818190256
36.51334113344063
8.870086350638296
6.170036464606499
8.34918187392329
13.235476533337808
7.9516606031499055
27.861718578024536
34.255869398761206
55.650065373448804
18.53864475295768
138.06447568887745
7.446488373168809
37.130055968055295
41.974041445140976
22.10009327689466
34.26909540090695
42.58066406257648
4.3068610448431945
15.649527622125156
3.4194572504156557
6.725421519122123
115.49429158911282
25.615561342645005
56.98225577428907
9.808226055016009
62.379328570731005
7.684848352798221
90.28565642010099
86.69493408569038
37.67954633168183
68.47035981185829
53.270856651247584
5.089790104171393
10.76556887022625
21.5560060233642
54.64489850684002
21.90030627506685
16.435283849171444
23.3660117745779
9.222669604730982
18.046054941709965
40.140234686867416
41.13095161336299
154.24539555462331
22.637426362580197
62.44004488003467
214.98047597944276
13.298158827859199
8.307775599144637
8.909119929915562
18.032774455462157
29.966813780258423
2.1310911690585765
23.312454451569263
123.87403636210558
54.393484971815376
28.467069178746563
9.04726585306192
18.075652610822278
21.29606340222453
19.007233622881007
22.27257421898491
6.1205893549111705
23.286858251118545
11.251512346786166
34.103869819039204
17.51710301161458
15.79650614753975
92.69714827836543
64.59148377551341
36.70049985789962
26.014972151892664
20.230362663516008
7.057889537338421
12.167992876929636
2.913297405366947
15.5989288689769
18.02426175620393
69.31961072169221
17.45148060870945
5.190398245097432
11.889707375288992
21.537171488774355
8.10145819684131
3.5358312993468806
72.76163969323868
89.24540790643253
129.3352165587115
14.198880114516164
4.903919432207086
59.5798975477602
3.1285972102764914
37.820732477250665
139.81182586413343
22.499885527071793
11.410665922909661
9.126403935443909
108.17924807423024
539.6935335660984
64.36108522107575
14.35464310397622
3.014422623246105
35.707002090352574
24.160948338505104
5.169227674611672
1.8836295632997981
6.412970124571281
11.464569316236924
6.887863709502081
4.438483955129074
24.875485605583822
24.85130238373495
11.50838255835533
8.330126087419698
3.1562050065746563
40.86137810064622
14.994299838608447
33.4838714900097
26.769036348315833
51.0694272376573
99.36855110437006
9.304899588863185
15.950969816748726
21.349933486351915
7.625045342221777
34.399192904672574
12.255755800976644
82.74794036661721
13.538831317419621
37.950911228462125
149.61640983025416
12.070601543825894
26.181514358226636
12.778139993870154
11.011641188415963
64.63348767273845
6.812130638688433
24.623538212488185
6.358739595463464
7.471621037581958
16.61632498883924
12.181406160197673
34.50714788921193
29.203442055319684
11.06908398331797
41.02330661345702
9.07394997991029
29.889788127105522
12.645268998681427
8.480773210252046
3.6171880056059167
72.77537855807817
9.605515852866604
3.9912458208989214
18.326970990288036
6.050244379393768
41.8659499937097
10.617856854705211
30.48734627899887
3.8770134324569323
23.286558340120568
4.856026820793177
5.145155339021735
7.321370427615891
117.27045092678773
13.61973344003627
41.983966090718894
45.218129108513075
8.599634690915366
13.375987131109884
1.7626680366159384
23.541759456241223
36.10006899808331
13.084770893270584
72.57524026548171
51.401762653157256
3.0006766680529506
34.54225468489861
57.62628961724827
57.63679964590505
92.7801664248953
41.0343219610063
12.888611483949525
16.583012638488697
14.839389511768223
7.721464817613697
47.64939720261914
17.380474626082503
121.33861116892236
17.790483729000826
6.043196032750504
8.940835461535542
132.97674913894693
161.86717269049757
18.896835814616256
2.1602216361466335
18.23844376516793
80.41626984346506
28.047662336088404
46.45584466002529
68.69569933395634
39.490162320989455
59.91758410809533
9.523398638916317
41.13774388929536
1.8461950763585868
32.86298704035507
5.9449138578634795
76.47860659393723
24.173470273925524
3.69486873173513
12.176168135348387
27.50238970694633
58.68174131424043
57.02482223832549
7.74602478938343
23.407990370598185
162.83831808487903
97.11692168172591
53.67137916125633
2.8450636891108387
54.78885326325072
22.008986821357638
36.03883664891557
10.032379196164095
10.541354174415408
8.116864415663843
18.806505420044292
9.395417334980937
30.578551690228974
29.91470334829922
51.82435455367605
30.751461606840152
21.06151242389451
10.441741098223616
47.585017298799826
8.879644115287107
18.10275463976453
9.515996660384632
18.277365277016532
10.255891291202602
8.713341090687043
30.216552558223874
33.26015099560549
5.510709136931286
81.77288751921294
41.73034529902041
5.161113659326295
32.88800120060863
22.03355980109377
29.57425025310081
19.9627193290382
36.67677645669392
17.13216219046559
98.65865783182812
13.439104925460708
27.81460386419745
16.473593064203506
15.771392620350145
25.042405950716674
14.447999402366074
9.575281424613035
47.94288230950063
64.12616651336194
16.014876203846104
13.889559167792454
63.67147775159502
15.987755886698949
19.609296855972023
31.18677504931875
16.99366580802045
22.17648938837256
86.53726662534358
169.6543212184795
14.64722119962462
22.435181111701237
21.223474629601824
9.903777738156172
25.60939471435025
37.94778178121638
25.86842059489831
49.959000241610106
234.8240101841604
14.116461725997263
20.043129298172346
27.328567435408324
7.78082769204443
82.37274183660402
20.9364207594364
19.028890091414873
32.56700910448028
16.745778878530107
176.1236226069139
11.581701301037603
25.480375379666498
16.570709848708397
194.68906309248317
45.46726574733591
3.57218109273519
11.046642187764727
16.575869753991046
12.285050109863738
23.822437954717174
28.601361409718077
1.7796028080277932
22.21888918646959
22.67770646772752
18.40516343497712
20.33232326740748
47.19118930130486
20.171939699168785
5.241105442555431
28.26963875034807
17.127278712140757
104.86227358449159
41.423930010726615
41.438782536535314
6.319186352093867
43.256057962034824
43.079938322135355
8.138387779767543
66.3952184832355
62.030763926517274
61.731744839681056
32.62678250495238
60.465726062545805
31.64764878429359
5.46935413100702
36.708575510176104
7.792984680953857
4.345824581017544
14.426432272210768
47.35921660094341
166.23986485346126
29.09807454771818
11.448614155540936
17.15408664192372
5.604555648497278
51.602439352346735
36.85379317364676
2.844063187102299
50.47956130516245
3.0450275919756393
13.490324683840102
80.32769544909561
7.811348308343123
96.81843794231452
49.28070691107023
50.74847927295384
5.418453388282596
2.751895018794051
15.912820762590304
43.70530396155184
65.34583030666516
4.899973241731843
134.85088592932718
4.487365841686908
35.138173791211585
59.147380458932645
29.216344069566752
138.14790627965212
18.306428424952774
37.7804151962375
4.374624895975545
55.16674628852987
70.81927963542888
10.450166537984583
2.783981322949287
37.90394517350302
11.4766268131621
1.8286270217440121
7.484477776397792
13.11480009386866
34.51719783057754
7.038122182236396
26.525533441105086
100.59251376613254
41.09063510086613
7.608792222555529
13.121248526745704
16.793752461191563
3.0002074873614024
52.465577040042774
7.5002451407574995
77.35771844806021
152.5114692830853
16.159930020801987
30.938336128121634
35.74659322901599
57.56594806411463
21.993052217798574
19.814301271555856
13.527776718071792
24.51640102379974
1.6537000388465635
25.561055478577444
48.3918180676384
25.135892868965175
26.395890317249748
37.19640881852109
5.816906521713375
12.862463326779036
17.33144412572032
60.55241448704354
15.17125527922188
38.36996082974267
47.708478891601615
26.078869210208204
58.092434240119104
4.210272761023844
9.431553362286643
19.071894595733333
12.6469137618461
12.48044130213407
17.621198509581586
27.0117504681511
8.677600181338152
10.377746715882212
9.68034821458905
18.8828485628186
85.71636813372275
13.99156223415093
47.854288466490004
6.783458925100665
11.125382139874876
24.751327512761545
53.92729900096604
8.486882494617413
3.910988513546635
42.620412730812866
8.533829082042088
1.464415252811507
9.042126626100139
10.247217605068592
15.972439687945108
15.455070407977463
22.610522529141228
48.281608771484294
11.540193263923541
33.92694017634584
11.6214552298357
2.4284686954403703
10.861995529128976
368.3677698655015
24.027652240235415
5.288607581830107
22.21571241078981
7.487124790164914
22.365864762429048
56.240520459811805
75.42585488262442
27.203867593451612
26.988296151877883
20.687304001882442
5.190278075874724
12.841184227708736
2.3666261994315563
18.294066941718615
13.611895030820838
19.088800209703084
71.05179878926815
22.687762084712926
67.36250166092346
12.263594942987355
11.634243901994008
148.1414286183442
45.555234401970964
11.711058834025858
2.397120481828876
16.428551173424797
13.422956741883091
22.76878414493096
15.078602101345394
8.93762289919926
15.092820042149532
67.57315947950977
189.52397604034263
44.33695131976281
4.206090323469475
4.8552883058191085
47.437098171840695
26.052153365193476
9.233693338979903
24.638610131536975
80.24152072536162
16.094691847918973
6.702666555221001
21.310414912121374
2.4817130394372207
89.2794701976448
14.309185849265889
107.39810211564924
70.26081507073008
27.41416907013281
33.78185529800218
14.327067686769853
4.671830803752669
108.77466029234745
10.298170216259852
78.15998435629726
11.004659350470114
20.35842924881483
23.463838075165032
39.074157479605816
85.7439501552038
58.90191159797137
24.435915632468767
46.64766660821522
88.84190009796978
145.82881745346427
17.793541555586163
10.664203737952361
85.3577882677494
14.270661747349687
24.898874214747355
106.40820495191949
96.4273890203783
8.648104515830703
360.5863752340854
36.10800470397803
136.84404980854472
15.558200484055794
92.15746904071182
15.683201666619249
73.99392101999644
9.139866316219964
30.30168928397705
337.78680353491734
46.72652305785969
8.259462426847952
11.01864239388072
54.43887371548926
13.855377593079625
19.940239609985504
12.988351395745418
3.509461533171862
5.797320236730866
99.51940778858855
4.004820749705737
17.52429678635514
25.610833202963022
129.25749390973243
8.57163552442809
59.26359404057859
9.797455975572138
16.066143611256383
37.0030621934176
20.737960034610943
47.68075734712063
14.27909713849968
1.4932365409266277
15.561665409091544
13.97060777916841
10.754976236683522
17.136931588876543
12.562693227890527
48.513346692513316
47.55689493037903
10.274071129987448
18.271202856657904
76.6411536261013
62.56493446553397
14.095221823817052
40.68916762481434
13.035185491628804
35.38590634449457
27.730958283291656
13.274286045104246
28.968646808397597
36.33436884924826
31.757441689729994
25.21445693215601
9.74118362648403
14.733567029419675
35.87353576120824
12.927868487559385
17.056280174152626
71.83273303335207
12.868940866558214
13.301995272948158
19.13266195883764
16.914888867233582
9.405601243498484
6.695096730845069
41.461639363373926
18.36304753030076
9.44038135600873
29.19163456785742
30.898360046591545
25.252968123317817
20.849164763262394
35.345906219223096
26.383124616578886
46.60015109418016
2.684253099261952
260.8404156505678
90.51325058504658
21.969560044621144
23.608809454132047
22.099511187727973
1.982792606035735
65.71767137890052
46.09067489485043
5.381738235853661
60.939847549290995
42.007172702521075
53.87202907448294
15.737534755404814
34.42016197861814
64.5058123273442
10.155152693377346
8.798765373131936
14.452360553283361
16.279767370084635
15.344783840388049
127.91119519705522
4.917941852244652
19.676361470462837
8.389758513639913
3.3993841592518037
48.35990597486715
33.40300977120693
14.017738200916472
3.3755233337799684
79.92009685934157
31.735983284773233
17.214168932504883
67.87104951889569
49.83511719271268
16.259681039861224
21.219979642641352
10.257841778608752
138.5921459608141
7.819599853863863
8.79209653036273
38.66547813271914
17.719528715140395
31.32634822606518
12.522068673650361
46.56533413878691
111.30091611825596
11.051590021891972
49.10088690654184
38.75538661064402
17.594150265671345
33.916833436926005
10.080088386302386
7.085122419383288
68.96230348814137
9.53731168201635
11.317506837262643
7.276319831537905
14.602085924771238
12.98233075440088
13.55444578969677
21.08730505347614
33.92965806014412
11.13887423646225
75.94860061803428
7.55344393807303
34.30143724953652
21.511105558679773
4.133254080407082
52.34525874521604
10.688297888226455
10.178983046098537
33.244766887146056
5.848289535446678
23.190276699833152
12.051878587224
10.596071245037681
23.305004250336992
11.230749168182736
23.11314098586128
9.201671487128545
59.98989689160091
20.6724066514481
35.23611778267256
32.28365405826621
4.937824646283886
23.77302951944242
6.459775229559391
43.48872978376914
12.312448225504568
11.007056852636858
53.31260077303898
19.434824958966974
13.109452739389376
28.84604164073512
13.758289424864467
21.864613514814696
16.73176338371795
32.48177142904749
17.814435908933074
19.755570467400208
49.53849108461446
41.258054585219114
10.075775562036634
22.556552365296998
3.3968189749797837
6.025608470873111
17.65199936163067
58.77616054338349
14.590611349575088
22.64158376602868
21.598844301049585
26.89232993333755
15.232470884409127
7.9132811282442335
15.91281204543458
14.542128032195288
32.39593609777302
54.85323549275696
3.845555332469357
15.14464556692773
8.03929907559455
36.06612980524595
18.419384412083534
9.690678651912076
22.378525787539427
36.01979526219407
23.450593848604235
25.611321956798147
16.473703739495207
11.642999657077475
9.8048883343325
30.019113633619078
8.86895402414463
12.672865963062145
25.244748767371085
49.03263180961071
4.859888454143143
106.83533514213676
48.23439473167053
8.803123443340438
42.353195838999405
52.2981552500534
24.33601757838693
25.51145410682839
9.396179002016217
97.25013388600779
95.08489349859737
48.086686498218164
10.196728163468157
17.054498404046402
163.0031096449918
11.644493643959748
34.10071981597101
10.955225348758871
94.83473463509485
64.13419577189383
13.763801984282717
40.13269658893462
49.8797220550414
63.23824369063469
19.216906493293827
3.94272352582382
11.459799144280135
32.640646529183385
22.979210941919032
3.8601054001397572
11.009672632239326
18.531068617644408
77.84097324590243
9.69408152587045
21.783591619538527
14.082496265230027
60.48117923755242
75.58864349240434
5.588473386283461
7.164803354420036
25.29920793375267
13.66632940003736
33.159920942779884
20.13940512460172
13.513349878616312
42.37139580879027
21.576108557957404
19.172459566703004
7.918772933859666
10.58651852303103
28.102228479790075
87.03334032508742
24.331229456870503
65.40956035056686
49.666191016916
2.7310529925132396
10.23041032655246
88.19212766360799
35.547584556529905
48.48760718065614
14.337347368163822
10.451115389626358
20.188206507653344
10.721577333379269
74.99121646306082
24.440260023139235
120.65914845427949
7.587614277946067
4.191465999468933
15.998393357555749
12.569102101191747
1.8974227524143439
2.0798941019250927
3.426118270765903
9.519340365726565
9.937205632350217
20.65585587452821
75.40053386546086
122.16322390620282
135.90757461840113
116.26137298146259
42.77942357547194
18.12474709802194
136.41932993428443
18.84169755824889
43.022531781900554
32.79111886732278
31.90249505880843
33.75852194556605
21.465958021135314
50.53949500285579
97.78525434653658
30.093688212240362
4.555101266416851
89.96510483422463
35.352465470956695
67.85889121445072
27.249594687666796
7.757293504114563
32.69080025893059
12.31958001456462
20.954698041541576
5.39625281646659
50.03739591314843
22.478366977965965
11.954092275046614
11.905669682978694
21.91085793381689
18.423091515693773
8.63103745221073
11.54817999996898
173.63873679746573
36.773959299814585
22.536958569209496
4.797176782650906
142.58765689371114
60.914765255596365
48.604311126909224
0.9127062673762122
29.17823651971873
230.82844391597436
11.173860321690471
44.33816915859571
82.44082650813414
161.90205153681399
20.930060514602605
15.13571058970031
29.215764518685305
285.70269118132643
25.98184299607902
9.955475130907422
5.650814794659622
40.258973398160606
11.001579422306202
101.79508393608639
6.8440992335765785
11.027001423684798
123.56876249996218
55.671780040868605
20.74688575114516
127.40086200723132
53.45670304147604
1.6134902656013743
84.80806726356217
52.12060799430476
3.4867513356691155
26.48353372165513
31.765898765235548
11.956052843151575
25.472587339217853
8.43431515068746
48.65083191515179
50.07419286583984
4.8107755259067195
26.812065949551645
15.848170203567484
89.08210761623609
5.980815405286677
22.32630271415968
9.433787952790773
8.828893090679143
69.37524552298022
21.390123208990406
48.19129115616761
52.58779065400201
14.508763102162812
14.10133901673246
6.256903754408251
2.9105775232695033
95.0916073043312
33.445794604623025
92.38296956351421
4.273238964981051
2.5919795764434372
5.721380833505166
52.07058328767927
6.093582851831489
11.108286397771368
30.740062085825674
7.406086775261254
86.7150618532579
25.762134395960814
11.413738691808943
161.01863074519977
2.5481087209255793
84.32253000380126
23.074133369209584
11.54190864216707
7.928148543627831
16.414860501289297
9.003943179728962
41.47936230078638
18.92704627599514
31.767793337322768
23.013756017811136
73.46767745439129
6.412949636335838
73.0950753742649
8.936799706364937
16.068652125770733
30.70214093917207
14.128997952493046
80.27657480612318
6.7821997194263455
29.938137441699087
132.37161281535285
6.67044388503214
20.104967402851116
10.232308949842489
64.277409161614
17.09983866636593
11.987465333846071
14.403483132039666
12.51477448075712
11.912020272477822
13.896070630136798
3.160979891036963
2.9443345762183677
20.358531613452467
22.807718675033456
12.387942990260296
101.4533835018975
28.167799635285537
27.632071949553694
23.51783400600457
54.44685202673125
8.481162953198744
8.580986559157319
14.61599975368715
38.721082532095664
86.17086958564047
34.87917761183656
30.212909549305838
184.9856956374717
6.400251630441598
19.13535890550654
3.526695847292582
27.63947593705696
6.163083904744236
28.754584615836578
6.480454126394602
75.6472629021781
79.66989052608035
23.777783671452415
88.35870710064877
6.233636735414508
18.887391252255853
54.03375015105499
25.085722517757766
10.004049726958389
44.35104889818375
67.17060177574659
5.67428464639329
31.670002733537643
17.095941299132495
4.146747163832846
43.45999764649247
23.874507517819094
9.518266239288456
10.727426691253296
4.096192003553768
30.13662760055304
37.23791881730632
5.308270198388157
2.299179401119319
34.891478281499815
16.733123408926872
8.730840126783747
17.778890140040428
37.39807941446724
77.08805380614805
14.981371631941533
64.73046338397202
1.8434710131514045
2.990053895836725
116.33908851151274
8.934811281328951
11.864132524906271
60.64515308103395
29.349249920655456
31.77286193187258
20.492093437454148
15.708942936138454
24.918997487566035
64.6422871540213
17.64723280124306
17.393255726622172
37.820649710829784
2.2281259790210513
12.312841523515562
68.53210082355504
3.304277822299168
73.68654622887304
21.59744897201559
26.123126654110237
10.270087242649886
25.621292908344717
11.512256459187611
4.775048913263079
51.10911502110241
146.45666109568015
55.033054061097346
36.95524246559156
66.23338273035019
109.03451392740364
15.768121065341937
93.13494594668906
15.557500168650439
52.204811203761984
12.735646558627066
8.713703298083304
19.40866502604417
9.679213442902206
8.801613792716289
21.348797666903707
15.220835286224144
19.21782716506311
148.97347084218455
36.02829468300801
30.33317851249097
17.415760959647777
5.123100017171857
27.628179060948586
10.524023447647856
20.13002243030758
44.72911556434852
8.314396843180166
34.177369998410164
19.177834993393425
27.92663290002217
8.876483260523248
90.93660606668035
80.73650690253318
10.594374035289405
67.69933671700109
30.60786993074279
75.7412232428289
15.548002353153343
19.679635938630504
15.399226590937927
21.492583833589517
25.78447520306052
133.4320765194423
9.344279093694295
7.507992404648465
14.39113090373725
32.13978420544755
5.812217775320941
6.166003628827835
11.414721263389145
20.844010081024933
14.20573287748485
5.392965529883591
13.866245604677205
41.99631355214347
23.567983387736245
149.62797311441443
187.7567654717531
23.37932668381904
21.471462268280796
136.2168938893438
347.4787881074429
23.03568199230253
13.467214072826524
10.034972269819605
13.198945376107845
3.716173569672692
45.97160964603689
8.903063897277455
20.50992472375784
41.3435741092911
26.206672965919438
82.88911424980493
23.658866974113355
26.602823385466735
12.340714545371501
48.78369558434616
16.44507680132371
99.36487293266298
10.032043079317376
47.87479037197452
12.667313217934627
15.827349886474096
80.1051249001082
43.19663814389261
57.91997794210697
9.17577377776546
15.639483231045341
2.3073966665319694
13.447920975405358
43.6337442209641
49.48485597978536
4.589586677727707
7.675765528929675
53.63909330389719
3.6872534955684806
9.981958031672121
10.948196520456287
35.49909805671597
18.676385287864022
19.1550085790374
48.614803585340454
31.804243645712674
6.620611233917227
21.156160824805
17.138588647104832
31.14764785522739
36.152404040175696
127.42363701782416
16.666333820413765
31.34901939459522
6.800684500525955
15.238693417491756
24.81152786249329
141.66842765542478
14.19251964330565
42.9198158896056
24.645677329992388
4.767062248134185
5.515405546454974
8.674257975595024
12.25841018784625
11.994355055226816
16.77538522775256
11.778327754922861
7.656443398524799
95.22686083187708
8.194264550745597
3.9472684434296577
16.033308562978707
25.643174096524533
5.952126478951615
7.31937022939481
21.63249431457741
38.21948018072497
9.8998815966644
74.83521177223605
54.03897130011741
8.793280989582358
5.722895113388879
31.00187017352318
8.82821671932713
27.022039789829126
104.7597666913594
5.2156593091572185
87.71972982855067
20.14127426655556
2.0794780464779232
17.81210620300903
17.565749319387137
15.438189878243296
11.683616199297205
29.905414570227105
4.8792371602254745
4.890241563351305
42.12988042697424
11.628885853032296
33.07134268706203
14.880145968117906
19.720780003347148
4.045023272269188
22.194495554716617
198.9308761387924
21.21444443326147
9.555096668805183
36.930074499812285
4.1195608361671425
25.522512411210954
23.02054919821417
40.430939163560865
15.776661515390032
14.390574092328192
5.624050141480099
8.702100906821135
74.56994490422416
49.628795495358084
24.227847994546472
8.473907624254492
51.32319265667653
23.02635147651812
29.009024476509204
33.82287113484613
5.5039604733115555
153.37198141621616
23.575481876144696
5.928807322681691
9.641289679753239
6.341673583374518
5.595346503581097
16.099278542563905
79.0463703540907
15.030656306663154
1.6740449251868157
10.368816389153988
29.40821204612939
37.140265900933144
31.729852741491648
6.842966856019488
10.33874346163975
8.722547716875741
36.87205822174606
47.0798939844516
30.122478067803925
14.553331654756386
7.522885322335781
8.204005222712196
60.17402340101662
36.37612620177158
19.240856980485965
16.604894243679638
5.942810489491199
15.132247176104698
29.511530765296353
5.230554387434683
30.479737244679356
53.47482009408554
47.62543381903627
2.3210563342186967
86.023905835889
79.56871815831458
37.094191841350515
7.765225835130107
11.916607151825275
21.773840770340247
24.11911512939933
7.819452859086935
17.350254858299973
3.706263139205095
0.915479092325913
19.660315359223905
17.092220091872562
95.85521950232165
16.057993640511736
7.133512888655022
82.4959177916608
13.068871309198778
38.56057295333837
72.13014299029423
19.541809090879827
35.95271937674742
5.898605859479446
52.89876495737821
38.49648665103207
21.0744210521043
27.91233178594665
41.02135199087947
84.40376477503116
14.450809270407095
8.239155638158506
9.865905999329815
23.942296982009903
19.862449542892378
22.76308717779179
19.675819660405715
9.552042710153758
188.21445071919305
67.80142774163933
59.97535462445829
6.140182226716633
7.782370227935143
41.50064315979249
6.266988737276211
16.06673610587703
28.592841254657436
14.297541500683128
16.889856955659287
47.58725605396221
2.032741354584184
20.900381680026936
18.898235635134196
10.259996765700892
12.456109199589203
9.13428703935729
37.856534281774316
28.607505057890638
44.14600231122263
3.961639655924791
19.154847568395024
71.84776506295563
1.9921954582436598
29.076744455335255
18.625667547834393
33.028494943281906
6.513390924087666
11.552534570325935
18.750285036090954
48.89711589417662
35.23749732629064
30.823596032945808
27.566338178816604
62.2263424351236
19.9415956345079
45.20852076835395
18.864514336069718
39.85713178585016
5.724108854149241
7.776458462546022
47.84873439612909
3.3914050154690667
14.578506008262039
33.73359627966107
28.65016828463778
131.91677816208434
35.63371154381676
23.651171053398635
14.522054534875625
22.472417457560738
191.32230075201667
13.969001266496603
176.36721214801554
2.347155723897202
26.958757166390058
29.823619287184865
47.99313901383703
19.864881130728545
8.099204578831111
16.914145671878018
27.513056005596074
9.80558273811862
3.2765165686895092
10.42783044605566
10.79127540961951
72.14694348723177
29.780491278768057
50.31953893998706
30.103220092860653
41.553528182432196
1.430179956087724
130.4976513814285
33.87023459393946
16.768929874680026
9.202347062710981
25.538024318960733
61.11013745098074
6.833826667807405
117.16489343392396
48.65401293167736
20.65764611519476
14.812478341220306
1.2158600588705846
25.42578757564991
8.620102063278553
42.59023903425834
39.69151076007644
29.298040783006005
30.865906676604798
125.39064345046542
20.336794441835824
10.50015919060315
27.732635823401505
11.116909533033851
17.69849080371203
34.61220401680544
94.63569184700718
13.78392032161662
22.491003070410443
7.124089953014119
18.781505864391754
8.482693751781314
7.5582001184175045
5.197100778972449
21.037756522260086
9.866184830535465
1.9871279434713789
39.48369182718917
48.39232411656627
34.688501214020725
23.485679613868278
22.2090722894547
7.233425868064457
168.21023562690078
11.256490206592423
4.802233985065453
75.19347407738867
23.515047541605977
42.93553767100627
11.401060604862979
4.747357606940355
43.80442296008381
21.243977698645715
14.579895095538593
5.738584731116559
43.202166030750234
67.5967932711599
24.101815713386667
38.61672367328361
37.95797609541675
53.16207033397067
18.352225396982437
17.048506654483216
56.12080908216505
6.213450501378641
51.48439145160766
33.25614886778536
37.21094283106418
66.19211168088282
55.40702499878705
188.1069068653298
96.55145044107626
9.87992931261684
13.45609848395003
2.3575019788201317
18.334466406540148
36.7715144006128
37.92291403581718
6.6988845245461315
43.11621751288853
52.96266209689721
23.65617115793402
7.482298534049102
17.52272192530726
33.69476951888862
30.394234470869364
30.584263281452845
17.876680486334024
13.184672137862057
6.208889940989589
4.426292415843036
18.209702963390612
7.249048988335304
22.139520441574508
19.889060422112486
12.31754161086895
20.28742585410485
21.757810458338174
11.079555368053475
7.298172720586946
25.23038809414696
9.712001328537246
3.492178878771818
5.383071783887971
75.75030293047377
10.212776848775656
12.381441961257307
41.67977811500813
25.454681480705098
49.370924549953436
11.503795148003533
183.55618406572606
17.1707207656376
16.800193097558644
32.57636240211825
10.533062983164323
61.724817808354906
28.042740467098707
29.055550000071225
6.32589691271434
30.485004812822297
126.49628897968411
13.983912111463512
6.765470866854245
4.454039135925939
82.77753201547098
3.26464693797355
110.08275721444154
80.02055458402701
55.3769976778367
17.351470873175977
8.956776229339967
52.78307002382422
22.996322081332085
22.16717437512067
20.634479527572967
18.179284659292847
31.000981836483493
3.4381034277736235
30.055909798280354
24.537924413000567
11.001144209904476
28.943351659976774
5.560987506539967
16.128155267226216
89.59661895992208
23.377779582796194
30.43573132645847
142.77809511233045
43.33338760225198
38.33336515517187
7.30714234279353
12.663836762083116
12.874987816652927
50.65732408821084
4.750673988932587
38.82052951144277
4.626695760643866
9.437071870022594
21.66800266040442
110.91139134263584
23.286661404424127
53.15672839539274
5.868689897015943
170.7261684718199
