93.17875109018101
103.63701343722234
92.73786452432999
96.5423342657077
90.3317972060941
91.7475511194676
95.70144633297826
96.18213552119113
98.68279946465647
101.98684459390552
90.79258826722699
132.88201063446593
87.50574926449013
103.94569413738351
92.4269173043104
95.76981958995505
97.22357702859998
93.00464716296996
90.49832829108803
117.72992037668931
102.25116378061873
103.51521869043489
111.81594308532594
90.92310295633283
93.08735174994383
78.7800582501981
90.60572899301442
109.82580221196064
104.12997728292274
82.74538293632723
72.41652993533755
100.66823573856226
87.0118827728129
108.04840954136422
85.8796140493851
98.24455958792917
98.77745129437476
81.8007220891773
102.17021926317119
94.65891759828739
105.78710053604341
95.78549790963892
99.07077549400778
103.46047980607206
107.25960048453543
102.40475619422988
104.28552627326253
92.38603493528187
107.85576549118747
89.61268230078326
94.83288136854534
95.26198172202967
95.63424474057359
87.71380841213085
118.57604517946312
87.99628761607136
90.8246804612325
100.34750226683691
117.20545878452953
94.5758103043973
100.80871544806988
90.98873384921711
96.86055167607971
103.49270002014569
102.26815400131885
94.19910576833574
95.29182095197986
113.48552783276521
103.26389871083089
97.15778535404829
90.22143581549477
102.42058441930608
105.32008810481224
99.03778798968567
111.5676696786855
114.23722419168217
88.7443720616305
103.61222345916937
109.07537544274753
99.97324145453005
133.39859300649653
80.82713840738334
102.54516949263157
109.29872058643045
94.8757947071814
98.60439267906187
90.15388033896815
97.80482631083346
92.97882558833736
91.4154990467022
93.74553366192303
100.46969806628863
86.82619585386134
103.93697359314316
102.286457965175
101.00883344182841
94.7686705998327
102.03617207678326
95.19010416428274
105.06648624969165
106.1540236238145
107.25777559350836
100.23140283611667
105.10105146677861
92.39957078499671
99.27435624004531
89.92630990138979
119.21755871324908
107.48512296978294
116.27804168921006
93.99176713123113
111.50524870963761
95.34815973713931
109.19261571086822
119.23806032638177
86.07482341569752
86.25100966443391
101.31365326831403
98.5571328009605
106.10487420066522
84.26085189988565
121.56884323940912
106.51946481698128
111.12446982502718
101.78386527074149
85.15997575845414
95.20430628143569
123.4300050487752
90.54645486215435
104.90856945030868
108.68754397901905
98.67503865044036
98.17861865447472
100.81795036382424
108.82192985216145
102.30839758467863
100.45316831090061
90.12590519282976
96.2936016589599
106.94945960499965
98.14635392925206
104.67790766346259
98.80541825298064
88.09310494690506
104.02547670984801
94.11233580789025
112.16462979533964
98.97070897656128
97.51431645322496
120.91758978786406
114.68147803896939
102.6659819921061
103.10121965490686
98.2992464724356
116.7928256244028
104.57484296301786
108.69992396216486
76.35659403799886
101.35193598388182
119.50596241631074
109.30094337943909
106.50704220383105
72.76338345360834
109.48577686007137
89.71774515165117
110.28123905935067
89.46998340698491
89.87241061971827
109.07693163496387
95.28737891791855
76.67002980088756
90.851601023618
88.22363657412068
95.24910023581857
90.4217534427563
100.36561936773029
102.21413619259911
72.94459821219128
101.18023945927446
107.03911323825466
104.59384809054993
115.99914516918119
84.701661618733
108.79200811411553
84.07535894869137
97.9631697590258
98.14015317053146
99.26827841200364
122.62630695763502
99.60545783004298
102.62041128713116
80.12461276225795
87.54520022439738
118.71721835496481
108.64634615739386
100.0332446674461
108.43252863884936
101.80482829061764
83.14229735071603
107.7986912376092
98.41674810320718
91.1825033348559
78.49360815852964
108.45830347436367
106.67609302981322
89.0763004458454
100.39858975764733
116.15960300518961
93.18749398101609
106.0370840803403
99.77308331033099
110.1153830493724
80.25755137553197
85.37638177777177
92.54548307556867
109.55154683078386
104.01142785144255
96.4710253978659
113.7990952932785
112.12515331859785
100.16768767537678
85.4561464555338
109.71881716618822
108.29959728342233
101.69300462860781
95.91864179850207
104.91662899669457
98.88021588444636
119.05951486729808
96.23996517988493
102.02471153262142
96.3742836018025
105.0412311139813
100.5031811073388
76.90128993123137
97.58686580772097
116.87045555873894
109.7573361446695
94.43075619440995
94.49862988812768
89.17502183755958
103.09184285252564
126.04853119749913
87.46911344214303
86.61349570727894
88.8346501260558
109.65509289402115
103.88393759129383
84.04178837135302
110.65620157233872
77.71212162307074
93.22879043238584
97.47501236744871
87.83405198796274
100.47243929221744
97.76517174696087
84.71739252543347
94.89921090036736
97.76846403062311
102.9600860805007
88.21526683901183
110.13654272078229
108.95917667530567
80.7330038629297
86.39478746773851
97.4137368107591
104.75294212038789
108.66943289655723
89.45519790720685
97.61801228804782
97.43927045620595
105.7775903251474
94.97799784646554
93.84054932028457
103.0897910024863
95.3035501394098
111.52726650359392
83.03132481940864
85.74665744481393
106.08980585748246
128.36824787212853
96.51401973406523
99.17606362463982
102.75216126273268
91.5481116274677
96.24308449384307
106.96874431939582
92.40537920242764
92.97780225884092
105.34313113706722
117.21613350578394
87.98643927634208
101.4692872193311
111.70567103835243
109.29514190989877
77.63903490811543
99.30731560899757
90.7893907375259
112.5246959764301
89.98680550472484
87.9859185545936
91.74724087355666
100.76767083919641
87.54562566817785
95.15883081791804
124.17312813274262
109.03579782368055
114.07232148408261
103.97321134024828
108.7457240737297
98.97697579334114
117.19898432707868
111.57154820108764
97.59944112276128
107.91153747243007
104.12398634862848
98.15934080981586
97.03230352603727
115.10803525034724
99.77318130394556
87.60974803703408
89.540369797004
92.86397722265914
96.40236435891057
100.40649981809776
97.50237575920484
100.54835816669069
98.05073033680738
87.66752390895101
115.55747288465648
98.71835243105012
95.32693897556995
101.18113791932537
98.4403261392405
97.8210910406599
96.5269304202413
95.71560869861158
82.23640002338445
83.69513041254143
118.75244006019359
105.38405397867884
97.36756652037434
92.84627037659982
91.96867965014341
91.11151143497744
88.36510548805799
109.35586318033245
95.49459620392918
98.99984965510447
96.23806506862473
93.27158394574109
106.96229625573578
119.02279875278171
79.01199344978586
105.24599099431836
94.75903233411864
105.84300090096787
93.62031688820215
89.97904823396425
91.25425584398164
116.18234676975842
103.67777606440762
112.51158510100974
117.92265105922095
102.2329990069266
113.55621611217705
96.25722365522583
101.40928385450363
100.82071135642086
99.86283388688798
102.74914488573978
90.87855891149431
131.07036327059248
104.4913625212808
91.79780685757355
108.59049124979092
116.83805396613405
88.22721729597097
93.12691919843707
94.9052512337895
90.03945533930462
108.6517040893909
91.94380369373778
93.70652081807148
100.2702464478844
103.50400580065454
105.25051417695917
91.76527774810447
112.07798202786148
94.84254236225706
106.85496601200803
107.64834754167501
95.635474962571
102.84409783932341
90.0196674910524
109.83148748500916
93.17469783597146
95.14897788683136
99.48950958208103
105.29933479243007
91.45940413192459
110.34498398284971
120.79887529745523
84.54242519558662
98.18615919841052
97.6724783131912
87.51049242610792
95.6978198600052
97.55249467485201
95.92645430870797
105.22143298575028
98.19066035095449
115.29675766594411
95.70582201402587
96.26232799204429
92.53963917174535
78.92311480960912
97.40470887934369
90.67390955830308
118.45465151019577
116.03367586580057
96.14032776500443
103.52528310456333
99.81173992720359
103.65080053253024
92.52380347954671
92.16623513356623
88.66295414582018
105.7884196797999
105.02987492001351
102.11079164194123
101.74599269996716
118.46117919022066
92.29081785749624
95.12205319725604
101.96615014147633
114.33387310438518
93.22276303307848
104.86477356704948
91.34282768634921
105.95326079427099
119.35717733544388
86.6281897845703
87.3769198832622
97.46380284000745
101.77665382478807
80.44210364556892
106.28363279782491
98.65217768833946
118.2755259339445
89.40955034585909
108.40825912771953
107.43352948888176
97.66672693196817
108.50759980966711
99.24390739699103
88.71223115547649
98.95712795086271
82.11997806906817
108.36658962279792
105.36796285173466
106.500369548419
85.42890225577833
101.77392493143495
88.83417125012163
97.44692540059583
105.56415879888034
102.63287882543231
87.02659373235034
109.1763312427939
93.7322162464337
102.72653709498974
100.56560728990031
81.40271143397774
99.96113888275
105.13864199111525
98.62650732695234
89.43444634902343
93.87350972788336
109.21549203000619
101.88826268050472
87.17550979605224
98.41138736514155
89.32763582639066
95.66499595380762
86.62164876860777
97.57819292050189
105.90542333338136
80.97026052027253
107.41034000928911
100.42918476111386
109.35993522892909
98.13352939114118
95.2519303772749
111.34075507213423
115.20024790716744
83.66727551124512
94.61952245810255
91.7416886254455
105.15405582902932
112.5766511214415
99.04465254077162
95.68352086730465
90.32638974577151
105.67960301575003
87.50999949269158
108.76644071274814
85.71693218792797
102.51570043705969
117.11416183193023
114.88616524547228
105.12232432166627
95.46098471427341
98.87311201121133
118.73697182589966
105.77830509760724
112.12669348357457
90.24634370837973
107.6081420015345
81.8131656331414
109.02097041687422
89.14399417974266
85.70632344961876
98.73027940490205
110.37374506351756
99.2479123269688
93.19211670623426
86.50019221434889
100.68605492370438
85.98931332715452
93.64629638039767
103.70086769352996
98.54514814713332
102.47428466236613
110.1939633680714
109.08137935290317
110.25517948411257
96.50052320955315
98.3702633575689
109.09389047981801
101.41102349173693
92.46627880145122
112.66591654005613
115.79960697887722
90.60918732546907
101.6180306942954
104.44071873853557
99.13215488474644
94.4864590553762
94.67052185110175
107.45364554598889
113.46264703368391
83.96399514872331
94.32897656887974
107.78467534867374
100.09199900963723
103.63666528687324
105.79315921930672
89.01690655493589
109.06287818745741
97.30554714528925
89.1782485040259
102.97836699490315
92.49069409555058
93.0344157316992
107.50542598370434
88.78902092152424
108.07212888819372
111.49787192507557
121.81884232536703
88.73081213758631
89.57317953709298
72.48067046604862
72.56168645098907
104.62224231781694
85.12876114733078
108.5226931686279
117.3194290545283
93.09457404317972
78.36024060106212
96.74706958407441
96.81813189655716
105.559666825092
93.98845176766902
105.09314270365398
109.14801221089853
90.40150294840439
108.85396948557234
101.33276742002302
90.09314104656292
104.97572732074497
99.29818457926805
98.57771157865305
89.73525953583663
118.4976040691372
99.94834433408884
107.78343574621543
97.27306397654037
120.79785714258416
77.46694356764283
110.45607871849913
102.4350227837126
93.54167970418527
103.35973727026571
93.52623265893334
102.35535388845993
87.2746652349127
110.66403403582338
89.814019347369
86.46126340876961
103.10582472829755
97.12051515698525
108.37260522929341
99.44244004701144
109.46386752396612
98.07315668392124
129.36724473042767
94.29037280938113
96.85530225924174
103.43863099054622
113.78928033964222
116.30081865591524
115.60341000682314
90.78049135357742
94.53735623596359
94.64826515907242
84.57179444665377
114.7045653134388
82.63371790499892
100.72588978947105
101.75388167507113
116.5614762169143
102.62871746838154
105.57859365882348
112.27555379790955
111.05906995549711
103.92766076904743
83.70302062309499
106.8726833782191
100.34311364078881
109.37878430636478
104.92016384418335
113.14937764183077
106.69695511809758
96.43614303823344
97.23831903776065
116.38800655523131
92.06868253309597
102.0553442811573
95.8035920931031
106.7966127471473
87.74465804216389
116.23312708437379
110.84883929147068
90.787047856357
102.59635398014407
108.13361426600892
102.64607143344958
108.0101284951041
104.03319849553036
83.88377771124799
81.07651044082795
89.01192516977125
87.67855611095776
89.2443933182451
99.78453208337032
102.79742367023027
104.46423397506672
96.58139118671485
95.61810327040271
94.3824802138322
99.2082450955735
87.02474190617347
95.52706728695128
98.91917128088429
100.78367172391539
106.13189386005492
98.07249090163589
110.89604336181885
90.93057978567583
93.1673934549811
113.38606797987816
105.7205734908711
99.61850715687662
105.27210301674336
99.66916512087793
89.83500603361355
95.96071066450246
99.89408548543055
87.64262106250655
120.41997384796136
108.10228399284529
104.48079774806604
112.4790502573794
94.71961816745977
105.64407354841353
105.47646624319628
111.99180886490734
97.03744979202658
105.3032864372692
103.69896040521867
102.97026673409768
106.85515767359846
90.75197425486172
109.64378890985395
96.23917364235726
93.4418944354444
101.85898711942826
111.89452241564263
82.36933529082549
108.9324129587848
84.2138134458409
103.59052765081432
97.35091304833226
107.01958366244898
87.8666348697389
95.6575360739143
95.2771417110339
94.17225071627827
107.11732557736151
101.33527856880788
95.86825588093893
80.21513855596784
94.69829604262839
84.09800149512205
113.0791300611981
112.21127815515871
106.86817506043701
115.00803744115724
97.48543654494868
103.98343508499013
96.76041871701861
96.89577460282507
107.89571595438454
84.05449406752248
105.220386980023
110.66159032185656
85.63965786758651
96.63579106184731
107.67689765790088
105.89756130551112
91.080534102406
94.97040333018121
100.0637519880666
93.1234497375475
94.96818983575577
101.00663216604131
98.56969614905336
85.57162976575172
107.11422194733407
96.4253123310859
101.95162482172094
102.49858134153432
89.44294104946921
92.98552592087152
97.72224912418524
107.11654749496299
101.26173380407621
100.99585930581598
99.09916025072731
99.356359518121
110.83247668588804
111.65519102649412
93.11057071043638
99.72419226848419
107.76733329284137
97.1795465651754
83.10035718171619
98.53270594638528
86.25111597441744
98.03131737858435
90.22484194033034
89.22858969708615
96.79145507542205
90.72558827954636
90.96721945339156
108.80557408854074
101.15160828120112
114.1716004420883
103.33099356639381
101.86639245922665
116.05445406960979
93.71212196656782
97.75940479075376
86.47560650441793
101.41326367035401
91.90395987749855
96.51038631687477
108.92946437534499
107.71522243621796
110.65140997649819
100.03698420259856
94.06590332151818
103.31257576235762
86.68002359640062
99.39737793223995
88.66378260608931
91.36313698288099
102.81215974232971
97.1437933402138
94.02353204108041
101.80159742982515
80.00097710275095
95.3189680484621
112.41954248346254
99.00758106134461
98.76870619801906
106.96737294871633
92.0494814455197
95.39996596696773
93.65566785326078
92.82714530240897
103.90112056677499
100.84799727175105
105.28226012779524
90.01487437754098
95.19396117365643
100.47912580680148
94.58285313394649
106.51704145206608
89.38236545808692
105.70271124497626
89.90933247684245
102.95336113229021
106.37434490047123
111.64463028447744
93.3380481069935
113.44051837738189
97.6714764420531
105.82423030713731
98.926327473564
105.26419577872922
94.86747508987366
105.39524302855442
78.73361076940043
87.53316078976694
104.13828680730312
92.70042489924069
105.33712641384359
106.89167648486959
83.57429727830504
98.587404358478
97.89088393997359
105.22668934026635
102.73002202351034
91.61167813063561
108.10050097856151
86.747908789121
109.04202324416002
114.54399828779871
88.84698241738447
90.72827036216931
105.92735144531994
98.02807816279487
87.54160905527635
116.81242781605354
87.43371718139826
83.29768607521454
89.97660288880405
85.74136693235953
105.49938638118013
102.9391691933135
100.11397814576664
78.16136453338333
92.09368585328153
116.6190262992639
114.81511915671864
104.68567801833015
104.69338175597964
101.46393984352329
87.95739844358357
101.26378188638924
83.15816831521536
69.59421881658476
83.1423130480533
84.98008061411299
100.05831880874227
113.79721073377087
101.27553507754313
116.62427581022291
101.09982958308397
83.01053929827671
92.14128084375209
100.10936135723482
98.3708631174791
104.36993036545489
103.55106977427168
89.29378617923072
92.2549060631756
113.72206530685867
98.27065928867218
92.7642767789116
111.53611221257368
100.59047762584599
106.58826685807631
116.50326829124998
88.39345294762279
95.91411494467597
99.29999158398363
105.39365245959391
104.01241937598435
90.36737463490478
95.08145741540035
96.20247890110109
88.00138806146744
98.9242492417688
98.95287475824742
117.32940680140216
96.9892147912921
91.78922239590604
111.36967646813959
104.46051218820296
85.48734484402839
106.82679533850722
92.14170543348254
98.24784876064561
89.05301411304964
97.4187728326804
109.72131552642004
109.68837160914407
82.03380799118635
114.6613135826318
82.07404416582023
113.23358875678858
117.51626988064741
107.34121431424916
107.73024699599385
96.07478738578301
112.41574448855675
94.41786443507984
88.75797757491895
109.78908233461821
91.61929753532058
110.88502305099708
104.58020956436297
85.1580446194611
101.15902107636771
100.65983483584085
94.44028501822483
110.56526511653801
103.6113709555342
102.92832250212997
92.22682660083984
89.7187099868774
92.84512893553797
97.96317537665118
102.22337371878442
114.92402631234079
90.0797879536768
110.81101756643032
101.48570346961358
97.5516582433029
104.97920752385014
98.75764159932626
108.45279022360975
112.14488953500906
101.19634956705421
97.87246858625981
108.3364072884435
96.60151757661443
97.08891008379007
96.61133971311915
97.47512081117556
97.54539075670267
106.71895016610071
105.7775825718504
100.92599623496038
104.49299460529444
103.15380368636768
84.83713523088456
112.82707835864925
109.9887991644583
99.41950701501644
109.71601611006602
102.5338848401564
116.60699587726913
93.04188997247948
99.82682232662934
99.21530611884754
98.66701821972964
102.77820403686687
115.72871058290917
101.23528343090979
101.97092132637434
99.4783129521786
105.91812643567089
77.19938542459484
84.42076441035886
98.18376217801169
104.80870728549125
67.58401805309595
89.94650540474181
111.27519995172463
97.47965830059563
123.97026774239667
98.99428438960078
108.1598372202718
107.77094651823984
102.63924447987364
100.14236211310494
