94.78571849215832
128.42918921151045
94.8984745752507
111.24837994336544
94.24006345445596
88.12800494093312
112.46038608679407
107.33023110129217
93.0191544582921
94.44176920677546
114.56528881214089
98.77923067246059
100.96240547515326
107.96014799423452
112.61740186219623
84.25655547211299
104.80151130701896
115.66089267802386
123.70773132935763
96.99633885629618
105.79057983300231
106.10143811006297
116.89597046151229
108.98043942481391
105.81224329199588
106.97863160163824
97.1441225604241
102.44330874908664
108.31045901376238
117.58633997187614
114.59348940198485
98.9929991674645
102.6448892034431
79.13585947236356
120.60337544684705
120.63593022520146
93.37284098021608
91.01963414701561
93.02682038760655
99.03287763648021
112.60305556043983
95.63446661272715
79.59360312022977
94.1015491259685
89.92484045044303
93.01337989553306
94.9032357674108
110.41835477507256
101.956423575586
86.40823032716679
109.05301707021312
80.68159855694978
105.55793315411749
102.62373939419781
104.042494892182
103.08105112558205
104.70365221521688
101.40001233513526
97.21119883629873
111.66774136258199
122.23501936690504
97.53296089170261
67.32158941585432
102.53698992845113
105.02207177228901
120.42734532994919
85.6396575755547
107.37156824490725
89.70210714423382
115.97195923809093
114.0645152053996
90.45734389498256
103.44187236076479
96.73212218835135
103.64031446632204
104.28644518502995
80.82215722802972
116.68168651357455
102.56005238038767
95.04697770647836
100.29823929956892
109.88500412931526
108.75499302383241
104.20171841650509
112.920539810023
80.78030902754121
96.50566092401085
77.31926840760794
94.88411835076587
114.30528857514003
87.35369793029912
100.1158123977044
100.37417202857436
101.7885826848674
105.01966928964974
87.07744515332365
83.52343169198329
104.21756124475847
95.80982052712874
106.06523584191498
103.36839014222647
112.12522173421479
108.13986207823267
97.6188824867903
103.81823132337041
107.66217519268328
88.40801116179196
112.6235164965284
112.72042685757428
100.90754420629871
105.10896435019987
113.34721646372051
100.90318382336974
102.95692595170347
94.73239572088947
105.546714893088
102.3956197163686
83.05885473032052
115.50980799935206
93.94712295140528
120.12638455759623
103.71789709248642
84.81227152120309
111.18332048223743
93.92545930292971
115.43325785731639
107.12365555643822
104.45900302241783
103.95507974772754
77.62644216569026
91.42908687550977
100.41185576081956
115.94853551113063
90.15069697611591
105.81166404464835
102.00547632046431
106.67534949942107
90.48454990058136
97.64895446006484
92.49922654009325
79.94643059333832
95.19665241297497
90.28097617029877
93.23366057070582
99.94600578952962
90.49924189047488
96.38887160461721
86.05708367672996
111.29469028230963
113.06594890123577
92.13173032014201
96.78707558017757
101.44019650031039
103.92448494949605
104.54724718037971
90.43397253577112
94.5756693916312
114.43997109854149
101.21633656500671
104.96177349992783
102.06708844081291
98.69543638693096
111.18671484359736
101.10773998787145
77.673470917352
93.94297014706827
83.9061670617489
96.65065697337705
107.96957088583534
116.69614760195412
93.73163421111491
98.12705052288014
99.1695424007532
100.93042759488327
105.93410302085461
101.75252048294709
95.431134323779
86.14955846250042
105.65450783134692
107.75929377950388
82.50669920901224
109.81415434596147
96.90924168200752
106.58124842483741
105.13191267083562
95.64894883655784
101.1184748532581
103.38207904583287
114.69072857689937
104.63270423912353
100.41880125032166
86.91113862297549
93.1349099979787
102.13937478924773
110.8995695803083
108.37323720747288
92.30703757817105
105.05191150259644
81.0948193820544
105.88318796932252
110.89337023295857
115.8163999280981
100.96337863576433
95.19622315642884
99.54895283601842
107.69826486655958
105.72120141412628
102.47346041921254
108.3298343655106
104.89308166595197
103.15418579032168
96.14883507333253
86.035796043083
109.62382233312042
94.75076537804073
105.14616753253401
93.92034285962058
116.96177294047476
109.71264967359787
91.56335755120627
92.82651794904982
104.61093432723816
113.84694352239654
98.0595789410665
110.11717138189465
113.07738856881545
104.91615536054326
64.00350894124819
110.8585980427495
96.22439806968065
88.09120317872157
101.31217672186976
101.15477893607766
81.03104558424847
102.15282252163223
101.05365694718371
124.21616140177638
95.97564027005528
121.19839026058665
97.81355961616806
108.33986720509822
91.40694638692561
109.8719369333412
104.78461571102757
88.00228184095899
98.47776810871314
104.22649011167788
84.38864161495555
110.04890942066021
106.48076538151344
89.20953471964938
77.65595749124968
95.89588869975215
100.13638267932453
102.56664157127572
91.14259743698162
108.13415014987308
89.0246736555167
92.86952206748104
114.70211824223325
92.09849503564222
100.08671049899911
100.40708523023186
88.60121398776677
105.05047532530929
93.34573271526845
117.16159935599792
102.04918271994568
91.12726608376968
103.09718856412684
97.80525980414924
101.55844096398461
101.86256977007602
117.63554147119544
100.41425313492124
94.7899017421273
92.45436546942872
106.83408349226882
92.79998592346791
99.73857931640545
101.69693126381785
109.94854671051176
98.75092174182724
104.16115998032357
109.4303597333635
92.58785005159345
114.38776480787817
109.85774922448323
97.5817922443527
81.62010494001774
110.31036840836501
93.90561862991116
108.65706056217914
87.56325071868858
98.2297157737897
102.58274364388828
102.198009452597
98.53896696712306
102.68972670471923
102.04815290892152
92.24406151252056
86.61490726701882
97.09049671251049
99.63140500136541
89.50063968658793
117.7083007328388
104.55698439020145
82.88715583993641
83.5779734986052
93.01480413833254
105.75189478541752
100.38124729990197
94.02173457838097
81.61241519717473
104.0291447470696
96.48053042385853
109.42031682033331
92.02946247661285
115.48362644529249
92.3348598103303
102.56156889861995
99.34860505879186
106.14536060132448
117.78854179483616
100.96449956443041
92.57871627447034
103.59477910770615
95.73828727491946
99.09450997687983
108.95506793498659
90.21342874817773
111.84639698761282
109.51575167869898
110.65029507561826
91.25016988476206
109.35021311875576
103.75086264215449
85.69318220968783
98.76373177618134
92.98309746426351
102.32699832432125
116.9445912769825
95.152001548721
103.15510659149963
103.26832184246314
89.66954780296248
104.17781256342509
103.40167077154638
86.05656218837711
97.49224929525673
91.13109974493968
103.73489217117493
98.92811201232922
99.7747818723591
94.90211223538199
93.12174226705169
104.00726401335271
84.39327783258268
107.86593604244887
78.70342792337753
82.3617402639206
109.79027092327325
106.97345201004161
105.91243438088709
72.39392452285571
91.29820197343734
100.10709105546705
95.92098932635326
91.51814743556412
107.78871148482285
108.85994944270738
92.82437412517355
102.64199208068963
92.20535396744422
95.77604881172547
91.46612905540776
101.43021027571109
111.48455009142033
127.73987241845403
104.30385713619982
116.03717121287917
83.23603738587973
114.08589552620101
106.0751640891335
89.84512935327876
106.19261338281595
102.69469139195311
102.25108900815655
109.66128413900763
113.09343651232064
93.68530466636602
92.549064247693
104.30873477512196
87.16233569568786
101.24222402349405
95.19089057607923
97.24274026183234
103.84925523138259
101.26560347386386
121.42139413010737
106.87809374185039
90.3248025444352
86.01339323378356
94.21159526950824
94.83750834360251
87.85985414353173
83.90108486291615
93.78530087613186
100.91693159141792
106.54385788115151
100.48774800519901
105.48183844095804
106.18043997448544
100.06993864728963
103.28519795904506
121.69528644748256
104.61346173004554
93.52149682241598
107.35867224827908
76.86433824959441
106.76980458350384
101.03032896652417
112.1271285766248
100.49704225330797
99.20581786975488
97.47437206217536
98.46229276099977
89.0994263098396
109.15234108216526
81.62505243821802
103.67807718922538
106.87114964671991
103.5151794724791
106.34526498819372
104.19245863873361
100.20174827897878
104.78478584818086
114.46862611001416
94.29464010362672
100.66773169359821
127.16202733997645
102.87183471087766
103.82857447333681
99.65749676008797
98.95434842829475
109.8596153378733
92.90842476038124
106.19743281268197
93.286294514172
120.58962901119739
109.23673435022864
104.04884720099871
100.01520012663168
105.10555684730254
100.23657179492271
95.57483701582433
94.80891627169845
80.08604437406649
97.91124029720646
100.97850690428912
114.2282538002552
110.18979811850896
83.45464192345963
99.9057534139174
120.03489674052412
102.29917976076064
98.63973490279773
98.35598357478187
108.73545550777247
99.95046740490812
90.86587417499105
100.91453938007423
93.76288842350031
91.12649610628173
99.46643278113812
96.59949636219096
96.77757973267472
114.68653090418312
83.22202945619367
109.85723753391238
90.15496371176441
112.34099036224578
109.12491680389385
116.13197222489484
118.16912182838998
75.28022083509238
105.96001867274754
95.75398233395053
101.62455650030114
104.71074514128628
107.55427410847295
106.97341466468869
96.04192901891795
94.04316056143185
89.80893907516126
106.23530830134507
97.48435248400324
109.90395843382298
107.70675193651905
97.77302790172999
92.8036262281143
110.70349319235179
109.50752162657886
103.9663901691405
103.15616624800874
111.08462958327836
92.57666757751005
99.04024605887086
94.52243538835403
107.99272111407677
96.16698922413975
87.64224893714236
96.59956146783593
93.3424996392973
112.6683832038933
92.8422712829935
97.72879691811181
110.227711895799
114.72565014630605
110.63383297636409
90.34950121886818
101.39867108894359
97.94769893293838
107.03777404923166
117.8205491047051
81.22647958116951
93.11046122555672
115.70828268487406
91.55551831722144
97.1486815410493
95.15045595054416
105.87534315793559
90.2899607533813
103.56571794627466
93.82075877619346
106.72747292353809
98.13434801545868
107.17728443649533
89.58175530124896
79.0189929774553
111.46258708336241
93.49683906900889
101.13865138083932
88.13289430832
95.5787900032038
106.78849424683236
95.50117839380162
106.16939719699572
115.21463725941386
88.747029318729
87.40881829792045
111.73033934068005
102.28911784311985
102.82303501658517
119.61746450277636
102.12729181976425
73.1272612388708
92.61401346987331
99.0852761527608
84.78147264031645
120.75157918098343
95.84955257251687
108.20786771396777
102.65710544283732
97.48154618818113
100.11280236271172
93.08182823352567
108.55586802988753
85.82945432513351
114.88408787058667
98.44161000272771
98.44520443760358
81.36007764464095
86.20806278340284
107.22632067818357
83.94404824618073
86.5992553678175
86.56778167797891
100.2075015928042
108.53537468981523
110.40899276381454
107.07856170648837
77.69988226096166
111.55398213808687
99.9820790279423
107.19996961336496
103.15361188760366
91.71184497346687
99.37253414471576
89.13405849843218
108.06654534681995
99.3354398804783
102.15895461746429
93.22663328723921
100.15868987862169
98.2946635338098
96.48527018833742
104.97992327503687
89.04386813044984
98.84104781830435
92.73118632455822
97.46154049856607
83.95319906482284
83.10333288311294
91.7199247056395
89.68473192886316
99.8432749928642
110.94286606591737
103.4458006532417
95.73022568900168
97.34825344364216
107.42415634955864
89.86009798695703
99.57759916885195
84.72565857783954
99.99154168741984
105.8472026694017
126.69481881487056
106.41159542104923
100.59906048630185
88.81611352200851
113.13111906870725
102.26806564008923
97.38834210331927
108.79821199713724
93.45270881204418
105.64388732085786
96.27031074066734
98.7219988922954
104.57841910248344
100.4545300151603
106.50228992833479
104.64178916633458
98.15718060695794
86.07259475768579
101.1291613320205
95.12457076942206
103.26159878084903
86.83048598587443
91.70795730005361
90.1211128092575
106.64645642724115
109.14040735372085
94.40428248138132
90.23946823742855
86.89090690441685
84.67921768691585
104.6597583452856
104.97188829121275
98.21140688554716
103.33972784603668
99.72848686040868
97.27899893280144
110.44526795312945
120.64283656919326
80.99460923476747
85.52074927303494
113.30032700586791
91.57683984621315
110.46264979912301
115.51943097958313
110.34217174280589
106.45940428325521
115.56612857913777
95.99160709289919
99.6186343105022
95.80508514069965
93.19975884098518
118.17934158526913
104.87955545579639
91.74591219715644
94.81087642786724
99.10693327158948
97.67311411095538
92.12647160062241
101.17302891242556
104.33519438437176
104.64395567789234
88.74594630298817
91.03892552306817
85.06594013917999
79.7477324059593
110.44410397923842
109.279109554424
96.65014323131004
87.68378929321116
109.52790080276469
109.30368707642823
127.09157854441912
110.79743855946384
109.82474889294735
112.27995600170115
104.36994745342201
94.76318219017399
91.46125057517779
109.80642386509263
108.58488529901513
94.97368933671731
118.99993265016641
104.55016998081412
93.40059195509161
72.8001392160059
103.66779899939081
106.7545743021373
91.9139572375095
91.58958546361238
97.9051197554866
101.8197355030511
89.8482361433467
110.45836809472038
93.7673173856835
97.18972983450733
88.23872579644447
103.696086074289
86.47168421049139
92.12719645040731
97.69854735841277
92.80154076754037
100.8843190327614
98.23468511751439
114.47937605282102
121.45278362857589
85.332178673126
89.8597163718661
97.1280749183471
113.91233855558485
111.01302334529312
86.4834402260231
104.68279663485376
80.19944740551851
91.22655749076314
101.70415121217052
111.00914954808901
93.12635600917447
94.0766214833868
98.24989141617597
91.34629564764573
114.6560297335779
105.87473459706656
86.14909376978822
99.75279568724547
104.93776731352442
98.72954625980037
84.38109217699
88.56956292637503
99.63677248589781
110.60241361150112
99.98419163649284
84.26237585586712
87.3114535970901
91.35798802844288
118.60383911431543
102.63423927898613
114.40553581793726
85.08553309667568
81.7767704142121
98.25601851124812
108.9464297804044
105.98734330905286
95.72928357313799
95.95522419600582
108.52464825567861
105.98363975547804
101.29756954874122
99.51014689373523
100.54610930772238
102.1514337230278
104.67829777645024
90.64219022070728
82.06252868503613
105.498439604884
100.2521594762931
110.69427327807458
92.61686160897762
98.48490907498086
97.80323441956946
119.12688718314408
112.63697862580193
94.84092774340175
110.83234991793036
104.27941443984335
96.74352905294928
113.98685952730801
101.2817881770533
100.3348673017212
93.66781904411111
110.8403399285467
109.60854787527012
94.01333294845342
109.50232464693835
107.97727231889
91.44783618746217
92.52103282821862
96.33889307261204
94.78932754319574
89.72792684573811
101.08083488541556
101.90103243542228
113.92669367153349
107.58250084312427
80.45242728307524
83.10834532122418
100.59054426370793
74.98446798162928
89.33520243604832
118.75523914851553
109.53050953389263
112.57767893890743
98.67261998938889
76.54008391827404
112.64092481910589
114.73165330349804
105.35610620481768
80.74605670213063
90.91714718707829
114.11556530993795
92.37929309716935
93.28842442197305
84.4420810863499
86.36064882643625
104.54954170569849
94.29667686939277
101.2825683773672
84.67622947435586
101.23372786096826
99.62077118880245
104.6449221105395
88.53433224129566
108.60041679520764
94.2705578329985
99.44490626570922
95.38013606034076
98.13644319942556
98.8080481640282
99.28968388881535
92.59289881260217
94.24389659280466
85.93331103821254
97.83013701558099
98.50072305302874
110.91159153650615
78.43116869986197
95.15588358887976
103.0658890864026
115.49674507679421
100.37482240174919
101.35971754785999
118.20549922491168
114.22786278498165
116.92006364145
75.32173670600346
102.0827544070118
90.31144851863795
106.02222037769802
116.02215467207193
113.3082638439628
115.91276957625024
97.00493353191193
83.45937587536409
132.1579809383025
110.98672645280185
104.24504378541802
107.857867570453
113.82193280931078
104.9237031475161
93.19982970381085
106.4059359944047
94.79233738139949
118.95271216687615
107.31735383214343
107.24901940055747
103.82242011579125
84.8162837501274
96.52873281346864
87.43029614399462
96.64835977008907
91.7301944944662
96.8989990886517
104.27583848450769
104.63886251412224
88.05791738011472
98.78389124956925
97.22422060393261
88.58307998761128
103.87416455076524
114.96272674354712
110.12725352903173
96.35547362018207
115.21267367428156
107.36912774916917
104.51752005040854
98.980811629194
110.82824207368154
102.00545686300691
122.22642322497062
87.97598804721947
98.53988270727513
99.5096154589346
96.93323791185809
97.16719849497196
104.81785479788859
66.24086532498305
95.19819049396166
99.87400170690555
79.59193211452069
102.94188314573219
77.11488333160374
98.55206681532974
104.41111492040487
105.7153379296045
81.176294919382
98.97431352202761
92.16448329609365
80.15394161404797
105.90931850608105
110.68434927209101
121.50175376118007
106.04642404307279
95.36851493940488
92.4981990345611
88.21681411775747
111.63566453513731
93.39175527192903
95.37470025467199
83.90594955162939
85.23691082217117
86.40609922893711
116.31847464883637
85.01106026108505
87.48346277504065
93.42948855089264
87.9889878308635
77.56181301898582
90.83126477649043
116.56612345676011
82.531711508289
108.93628419065128
100.2764834105541
96.04567866587847
105.51195965947967
103.78881464054473
88.20670886295831
102.12024226759927
117.15937519618002
99.62192346600045
87.7987356663019
96.72247650903296
102.09883113870681
107.07731743773775
103.30264720249752
88.6342221667495
106.75291281253759
109.08286918201516
98.75206473954483
97.70636044465688
101.43725088388153
94.39678480301677
115.14136944309543
108.49389568334297
99.73024424043828
107.06136938091717
96.45750361810342
105.64713816263962
87.30894273596034
94.87099672439396
93.94076839211247
104.26504188584775
104.70911609338538
113.43236537623555
100.28813925448412
108.74010307585692
100.4232319800874
109.63046193962694
81.45159800057992
115.75754088180923
89.27784874947888
84.77807598063465
99.49083813790813
99.41545228230915
98.33722100882733
103.36384627494411
94.22874789870859
102.2901743842886
109.3101655489227
98.21742397817746
96.73144285824837
104.24621171860693
90.77010544421111
95.70157771759821
88.98574737288234
84.99282796032254
94.56170468322246
97.31985242818936
120.35196412836198
114.37879536611793
111.55019297587916
97.10802382152312
116.09057907845548
85.23381757073466
102.83793442505528
110.71098339781004
95.17219519035736
100.61612803261917
100.8056125026531
88.5741198448118
115.71597995056662
102.96263798646704
100.27583226959686
98.58009970496298
107.26698350371437
113.6454963168112
97.60146653707059
114.58683400898812
94.82979934904066
89.650543522538
106.30700212338421
97.26946752441815
95.89037734147485
105.5502030758211
99.22697307866358
96.63448142205033
104.6086452077527
91.54662786675452
107.45757794765365
84.77125138101792
124.82696971202044
103.9751139877189
101.76351016398432
91.64883845440917
102.47174571763497
81.11765652207478
114.16195383238758
100.48951297393708
115.1088835672023
71.80525520123084
108.86663010499083
106.02337753174956
110.61425171310336
85.1979560573132
112.22960134409938
111.19198525241377
123.93078306604235
94.3300667186004
87.90075830502317
86.69641084936698
98.83650190045115
94.67799572087448
93.24754560489816
108.04289288109368
86.16599051840952
104.32250585563665
122.49641372584708
93.20226146203206
111.34862620844675
102.41362253009014
102.15439659191428
104.64580269946191
96.49396501759676
102.73404069692828
87.54523732443847
104.06788963940768
78.23037925184303
81.09207735352277
111.6409568959005
108.14979510723965
102.76900402758689
100.01416473980444
104.22857558838743
84.96261797914819
108.84006685352192
112.31307792489582
97.41115283438435
102.79587269231297
100.14234459125402
108.55396722834409
117.8552828899569
102.67341718733063
90.8689427254345
109.36571941146204
112.14832243754825
83.88055406815137
107.41506743223263
100.74776655093777
98.93957572906383
115.38130852528298
94.64192484556952
85.70698183270481
95.13728914675744
101.59737454756232
100.36102571631194
88.56600923940854
95.47058600161328
119.49092037743043
99.56261704792801
101.9928905118307
97.558973404333
107.05629996330663
97.12758201521888
90.17938754082665
103.9402568525515
99.9925290934715
110.90005141062336
82.76220850364865
102.3971592468082
88.78446774414721
120.53299942921497
104.62895572354373
112.37414968128817
99.83677062510846
108.54110749451164
99.8831202384162
95.74654834647903
110.3023759183396
95.10685508019031
92.2805573232565
80.86280543087923
101.98912811697437
96.01235564009795
92.29297639553052
123.05691631514046
96.5926548597911
104.69743837192104
96.27260975630075
87.22632347450629
85.16366962127495
106.41547035440657
100.21707139869942
88.5102337736997
95.42530603002011
105.19605266535893
97.1636595447452
88.51942885859197
94.07585900498196
101.33479769624209
110.08239847977262
95.59492809928697
89.6210889247829
95.13426647722105
102.37475329635575
103.10032120443194
102.05552383428679
120.25513317825173
104.6443509684073
94.66894479261038
94.15989117265204
84.19761325972884
90.98438205927201
118.70800586621897
109.44674308154114
94.7252203739432
95.35960156604705
95.22844758135498
95.26144470772569
119.77511770535403
99.63130151628376
100.31377402426557
98.99487669681955
90.30437810063404
91.55335521066861
108.08763852318671
100.74407496811128
88.51603601170474
99.93011785844755
102.52137915359295
113.22993965643879
98.03555155603118
106.34367471100417
108.20487516407437
126.22070109822405
81.86666926446563
87.23518255247107
116.88846796873734
111.27725098872331
82.76697255260254
101.75132019404576
116.67408790062291
106.16876644603508
106.24471638445029
109.27767043723257
107.1705175099291
79.01289362031181
113.87605366133252
83.20591920870189
83.72585681159012
118.96817384184666
98.84170514602705
108.67189083164958
94.3401332091006
100.77247531592853
91.77275478512068
89.91377369061394
97.05775023223197
103.74118929137559
93.25763586281693
99.18727091785586
108.71054523026604
97.96533067084276
92.68690130451371
121.07808814595538
99.34389169511321
112.63026753062663
104.78435458134055
117.44865458774416
94.38311900961251
107.10773774503004
92.51982315016396
87.9180156195888
106.83042602983284
88.09433437946682
88.84286486240904
101.87840279669791
96.46178170896127
98.15593178696432
101.10342870183472
99.3407969266849
109.56668887158808
116.60055829577396
110.19990057133153
102.01143222770014
108.33838505837674
90.80816656604976
105.04400988744983
115.0808572597274
100.05002168453643
101.51639063841688
102.45605891727142
83.74554423567696
109.60747214327348
94.79917266992487
95.32508104680203
91.5700753960265
104.16771836916801
92.94422526614423
98.72015809560156
95.23453186935595
95.09622549229283
97.76348186887319
90.79914094220806
90.7707756898509
88.06311691508573
87.36913216424507
100.48859756688239
92.43674931647168
82.46484530457056
110.27245684171875
116.11014528309963
105.49667108586493
86.23503127239937
83.63046084044485
107.45222081123535
77.38995982607409
100.26966261650308
95.83949080157142
103.90497903352164
96.74066080971377
106.29214289766233
101.39030944395421
79.65721842009572
97.08329529012983
84.40883569952908
113.65510257681046
97.42956317300026
99.84422035829306
101.09467102209906
105.422158161746
82.53593879325227
85.88043415754356
102.21832279394665
110.19219337576551
104.74531895906867
88.7105434016444
89.93773370673844
103.2832306446524
104.21978285362786
87.59347038940027
82.71094313549708
98.54663566065601
91.05675894884396
100.84680059654902
89.16032313473704
110.95718695224583
104.18199281473123
106.1550949020525
91.53893369701609
111.37612917253001
102.88850330448263
111.3990807932312
91.77957648071136
114.25840600861618
97.31751556175993
101.70959369536655
82.95066672538681
106.17280490115343
98.65721866628986
121.91509980078808
99.27467509030706
111.86831313214844
102.50835107705971
89.55556741302546
103.33443925646044
96.38191378886586
104.96617054755635
116.67376806115482
101.90631700974392
102.29996362731704
88.36797626884423
96.7261915926919
86.50557615059313
99.763833160871
109.76875770740966
105.92519069934383
102.42952621005341
91.23495599880036
100.59528535612166
84.87946702885199
100.09544432972989
101.50355518848579
76.51711734179119
114.61449147991219
110.57269231863616
91.94790188620217
97.43964594865427
95.84197660024329
110.1722013193781
105.73618161216743
94.30430432644658
102.53347862903992
96.22021682966556
94.9067842257393
105.18754653694292
98.45532111775282
120.33813255015075
90.33850647820022
91.26924966436628
92.16466478443596
80.76387320645773
91.68993560350413
94.64969101731778
108.51374235189654
112.91766538068293
97.85821870068406
98.39711868065524
109.40232415334285
112.76389439011015
95.49188499722133
94.66256109173871
89.53873920285724
91.38449281801755
122.43264725081157
95.12997293457695
99.32202634715581
93.23115455292523
95.0513166368284
100.65433636546287
117.3165789330207
114.004248134389
112.89023068380159
87.76448808932464
90.97623122541319
103.87842572228503
98.83754454471283
88.660674880149
102.51570674511144
80.78939934001744
100.2161785399999
96.19746041049727
100.9895515557501
95.05373530567991
96.3414385996443
101.63249872645235
106.14523612962167
97.99105852148642
90.72880813876938
101.02042368706412
100.28655542334698
101.77068504028615
85.73972906973108
104.90613934090199
104.03625902567696
105.48018341945205
102.31406314923173
96.37166877094963
115.40661279028245
113.67616288859318
101.14259778640019
101.9555294934187
106.23547080219242
80.11696470757921
106.34455768104118
103.41999694186875
119.53132355159872
101.83664819224657
102.27111054181299
103.56471497522521
98.8487975763413
98.23958255018171
99.2229584805593
87.40850050069814
105.23873325057671
113.53059503861975
102.83699300360283
83.10046271687385
89.89142470520787
105.09109861971795
81.427718617405
85.14437738920583
81.25592689477558
108.3006385772282
84.3052438173165
119.74117562112602
79.09495345661902
97.20096443617447
106.81798463018971
90.29200439897456
98.31994401060703
103.93238249415617
106.73692501858896
94.40296245371758
97.53119859581597
113.89306594898413
99.96647615131299
105.97652234262482
99.24997880101743
106.51852499353038
91.89436048263076
89.47767859661687
106.85199939586403
97.65575121026073
97.15048970116885
109.54331938013087
90.26741072345936
94.56429063066702
98.52576619183445
100.63580154344946
86.22704215522366
111.58096505290301
93.13915952402567
104.4998140089836
93.98896741432061
115.41636802468533
93.73331174849686
99.88413727436462
98.9902425889254
112.97525104689183
95.97815393440904
90.31208411424024
108.3588791994152
101.26006329260741
101.73998488084955
101.72304874466462
110.42191446266145
94.64995862144592
113.28212778424935
103.97792831238858
95.17120136920724
97.4004491040208
104.1990803967976
100.21524113659532
106.9760769525522
97.38483455569799
117.25545390214596
100.6799343541233
93.24322856317276
111.63568528338149
109.33968795770821
116.34242361190789
85.36269569248965
89.98806846759204
110.10197452595155
111.07254170780992
98.24162651082311
99.94191638951882
90.46143017992723
93.06465874314458
106.60004978802961
95.95722478037858
105.44339513072947
79.86215123577125
120.28981698673107
89.3368084177061
96.48274379069794
109.63451077125849
109.32845766798819
108.21373313997624
91.5688227751211
97.20441919973102
99.60887591605287
108.02702768278631
114.74118905485317
97.15959871070537
101.47959283288058
105.16426209218974
99.9457408542373
98.16064119777022
111.46445776451569
105.2348107381205
81.80347089247442
107.4662330559334
112.07779535238689
89.98053120665368
99.74888332722705
83.38707906079836
106.98425934240343
98.13549011198062
100.68674645300669
96.83507946151796
110.6335187641368
107.16088213879611
93.75125511140709
102.63738674771373
86.38762401442652
111.77317368444226
93.67717843462462
88.72331989792254
105.32069737945882
95.15960207476749
93.84394960557883
102.17384387722217
84.84057005288946
111.83934495763033
105.3077932261604
92.76520632854191
109.20590721810498
109.00044793158585
108.46070016565011
91.52122050051392
95.49563820309162
101.31886947026793
102.22764250267363
96.98739620637926
96.84254663575153
115.96534201086408
105.76686328268407
93.65276967765897
101.6185178275309
114.00787579040787
99.94256945822703
97.00176846262957
84.38735953886307
106.30679677152763
99.43254740788657
101.82067057834013
122.00846618361228
92.18272996943108
89.59686794397477
104.04547207877438
104.3111892846642
99.38450090661325
106.64769718602356
94.84617496662707
95.8237172735358
95.30657518728322
103.99718249689401
103.87799336149074
91.91280699779097
100.44128657408217
106.06466015131201
101.37499507745909
87.2481343714305
92.64860146322637
100.52474192089939
80.8504402978172
105.91198128095708
90.1680135422918
96.37365406204717
94.61601947634915
89.39874066444352
113.02575763518445
102.59410861415395
108.00658340231408
98.42800892378577
103.99186108251959
91.77111579741411
117.39024852670559
103.30196905200566
99.48586343191977
93.40652099980895
104.4549009298218
100.14734130817429
104.04126398226838
109.96671159637282
78.24226072813343
90.14427800972858
110.40825492480228
84.2524138220648
108.99284542010683
96.14967695625963
104.29731934629993
93.80017664358881
109.97306379627533
115.559077629274
87.70944861088847
86.99494572192202
112.11360308363666
107.3296714485657
114.64028420402084
102.86548200517556
114.48857636921525
108.5122192240813
84.07859057907731
102.97592566096642
107.5545050030471
86.5763221663657
108.51312837387609
110.62704858746457
86.18365492358227
84.48046221346544
104.69396008304354
108.48442798713809
86.03278223352709
81.17030079784408
90.94748040640752
99.29232457317889
100.60875487277293
94.0608586168359
107.66072337896246
116.35426342912514
128.72406665140187
104.17762340319932
107.49172405392079
101.19336716066711
85.53435731901473
91.50766464144186
94.86956653112213
114.5816943747813
100.8657953468436
120.33367413401947
117.36068896486967
105.48253172224997
99.38481647841033
89.87744976760091
106.87318745684153
103.34883356723802
90.36137076551256
100.66766838706845
76.69964805098549
100.84386079457035
97.8922920039804
119.61980616763749
98.0553045102492
91.68502979135943
103.3572473000667
93.97540425037408
98.45155373545369
103.76951936262834
102.1113223745582
101.1617923532569
116.24201231632252
101.89030079111983
101.84120386225358
102.45994859919082
94.49273327822876
110.86331673049774
93.61248223004336
96.14419313276017
94.02654801213902
112.92479410328387
75.88554241205641
87.95018819131579
95.65058468202145
98.25374733846563
101.02369621752992
100.00817743638258
103.961470813356
96.40823360213999
95.42389307687634
96.90622695392061
108.8194679325172
89.70106885708057
107.19487018785536
95.67932324285445
90.10899242689109
91.69747024831905
112.79107463571071
100.39134523767673
103.74768958753423
102.7954976670651
100.54062533925033
86.12275897390039
104.29845199698947
92.2769586442448
89.81782059859412
95.3976207188251
103.57527698373623
86.19124550659637
113.87260437272948
88.31611181049495
97.92984985929021
93.9211249079222
110.35891885045098
109.16782356138539
86.58790366923142
117.99461252819864
97.77235164885906
110.67562130041219
101.28623623769536
107.5967842555319
106.88621526449735
85.37353067850671
101.51097367157202
106.33526592091927
89.07566681750565
97.70159037851433
87.69238678341797
114.14007581928145
100.39537209608548
111.5491132625239
94.87756449683826
97.0686135230897
106.48160159127274
86.98476358249603
95.1181594028946
91.93056827476936
101.84306885344688
102.1452353434487
120.06739951687436
102.76882415768823
111.06519913130586
97.10587155213022
102.55775189634163
97.50862852475045
106.80577483368394
110.44334267485998
104.04037713967112
118.91912526999403
121.17930065334747
97.80923370840948
97.76119201938732
100.08459717587978
96.0364740446485
109.66596115671287
105.16054193675208
107.47557156776274
98.86864045508125
108.84297691149101
101.0181221840188
91.77427624986746
88.53048591985126
108.26031168250175
99.04687943790329
105.85931320569361
95.47742952196012
116.1535513316445
107.0613515741143
111.07389465519154
116.4954991565105
97.17682496115775
87.82517860684965
105.69618256013273
98.20129020982537
96.59271780711808
98.20279438537654
110.11889141654656
109.52911074948233
99.38476115781569
92.06545164953204
106.82110658259062
82.30804872768242
104.80839452298996
85.94116677440606
83.00727282869924
117.22842630921404
105.60820777264897
98.66468736793438
100.47208700271516
114.02382163966764
115.28026645856364
122.39253689992196
93.19150715418132
122.28759937229535
88.8270127595039
100.84903067375396
88.3264496229767
103.65559029080927
112.53909329243588
115.47653281177085
89.16904622820954
113.29351779637497
109.10988424469956
104.12561934240854
112.41567702953505
104.97601478233369
114.18726245553938
97.7821070374541
91.10579148406522
92.49793020340815
99.9146656435583
98.55864934856706
110.76095152362024
106.83383206779145
96.58159884526948
88.92903165117396
103.55071027442489
99.56031368570099
108.77698257513458
96.9870204280544
98.35233680885156
90.01047698729694
88.61578490856698
111.53815909681481
112.67711031321504
97.31643179616191
93.49625797002676
95.89693602803237
96.8396320742082
111.10146048160314
109.22879912019933
99.8621331153862
102.48925735019294
111.05150564279921
98.10300575573442
86.57215595247402
121.80394210922859
87.71172540046948
90.75456428288862
94.47616345877351
92.02232330197462
105.09194717374547
99.82020484249921
98.91637410890245
107.89218424480781
104.89440625785713
105.78454526556098
110.62031022760294
90.72800557131342
103.6416079579584
125.68978967839782
117.25509822054353
89.73542937568769
107.51253554313811
97.30784783720154
95.43605878604343
106.10343231276718
107.35529766926273
109.32302894694025
92.80943367402911
107.3048323805933
109.42628222269299
109.482065184828
97.1614574101062
109.19455154350553
114.30784449242636
81.47404768229475
97.84011370137064
91.92217579189561
87.71651940253588
94.78316214190338
103.3612976886525
86.73000678692847
90.58853163938193
100.5918131790159
96.58739843845733
117.15855884938733
93.70448783153445
109.65481413212261
91.12963814975922
94.27219404046554
107.33087758612251
87.3279366533545
104.60670761385434
93.1443677365146
101.30642551137777
113.29225000690562
125.66001344521808
103.17295779112779
88.03217661519551
87.27025934808582
105.66515991032526
101.42781928062546
105.87400023757603
104.81155474439532
93.91639778557573
99.83796848218842
90.13737660039017
101.08733968042884
99.07047235581629
119.9350081518037
102.396934911063
85.21177432180802
81.38645057619463
94.95420416048351
110.7527044200019
103.6364787938864
105.58637774151256
80.6431600600057
106.7817534510722
101.62590267471903
94.58003253882492
95.17065873034238
105.1243122776942
101.13419491851623
98.65746407216488
95.50286487244168
108.69862573838952
98.58758845899507
95.71619937858948
93.84435275115574
117.80728744007332
92.23942220551876
91.84703825056681
92.55089720475425
86.92578766148446
108.23147739860609
96.34624805368632
111.38484142727594
112.3476073100164
95.01730489860107
96.13415678848702
101.96315739192995
104.71734407234564
119.38607576875125
111.84217453841599
86.08707391340266
100.27876201120743
100.31250601991864
94.86332961922147
99.3306667234579
97.83662595823834
102.22469401236543
100.52712033541724
104.36688219045374
104.3449810231284
109.44309253742435
104.06389017419167
96.33349305393862
88.73014695556479
97.29297999703489
83.72978423828995
108.01230506546925
95.82638033130226
89.48295588941211
93.61822660893878
78.24456470259835
95.27701187230288
84.418751472454
82.09353867574097
95.12259465571353
96.9452771948342
92.9608497627614
96.99555462413203
85.24977214571288
98.63911963659365
95.63317358075193
92.99176904205748
106.86695544644951
105.3125756228865
99.18848887504086
97.41929036569067
108.91516475505355
88.69041178955484
105.42391898232295
107.08304835915183
99.62964781665706
114.09198296544965
110.9844174904931
86.2466700343758
99.90245299123156
93.28803894294055
120.23667950751697
93.09702463411307
85.78876744033602
104.66986430872552
106.31622769681168
76.45239967845653
98.32990727201376
106.33451203910893
94.89616848676776
87.57599061997047
87.78229809101313
113.6185315017068
100.48648502206957
121.81124377972681
91.51271839570316
100.8686006018623
92.47250814117113
86.50300551804813
102.92901850618254
88.07804329647793
101.1005326332134
78.96285368768349
114.09914380739994
95.64338450247772
107.77450899925735
103.49379846779262
119.08775781580599
102.09114715271491
91.15163123574544
109.02318364739195
98.16462537410445
106.37078352422927
86.39960974656572
110.62885060104047
102.11730676391232
108.3902722707772
115.97664390893212
102.54588539264486
89.10873436675278
107.68668910867503
103.5103651611424
98.37212340783842
104.52360786161617
101.22621764194764
101.64439030398785
107.1545935532371
93.30327717293535
95.64183910170546
92.59413656731228
83.71402236813029
98.76565917592207
94.19249155060477
102.78428709309321
105.00977417371884
105.37103573432432
107.59124424200736
103.50455051454135
99.88460164107246
79.92813075762497
114.8566987821028
109.0821832734817
95.35289378550027
102.7147711935968
86.17445381371657
111.11950262307681
98.3684442456938
96.97416043208108
103.07671895233928
105.13346505292779
85.04785053529898
99.57884192235969
117.1870441801547
96.07681558528188
114.30657344564442
110.90481250176497
96.52449607104722
90.11455065683597
89.50183162263477
96.1036296016931
90.50912699002296
90.83606099639174
94.235978118981
93.29614245977531
105.28434924124076
88.60364362570596
102.75272718797056
103.60299489632645
99.25013768233745
92.13423847284777
87.5614003010283
102.87699947462109
100.88244271472716
100.2420256369434
94.96258531362213
107.7375362871545
108.16357229944019
91.07521084964226
105.69156512577166
107.81138552750411
86.50792607873434
101.38110921565514
103.7826627516113
92.03892376219996
93.70797703938806
100.87628449473083
101.78984626488018
104.75446339245235
120.12695771746124
95.89885506319756
106.32158651098082
91.32239904101013
107.52759194278023
111.41624778115624
94.07415130692539
106.26843723979776
107.13218631508445
99.02637577106348
103.395191459788
100.33209009476883
106.35435036527231
106.37077861807958
124.87714060223587
92.30545956574284
89.5292578579647
103.01013948199483
105.17767643357419
118.04233369348357
110.33464253052898
97.32770054619952
108.66720692191497
87.63388042719876
91.28361469079498
79.23715636808966
79.44754371376695
87.43349821857065
118.75152948006678
102.7357520326361
104.0601857945978
118.88240351208877
108.4209661558272
122.21569518276591
104.06655654916531
105.98902518791277
101.96633736784896
98.48349981885428
116.13656377602396
108.72998927655986
100.89761964661326
84.72543274676616
108.04483193312315
115.47943874242348
98.93924779713791
99.96198186911734
90.61371727553838
106.5905107843442
99.07477593594639
109.88141506226768
95.30015016984648
100.09495574612313
94.35158753386527
104.52731480665261
95.27531510788403
98.80811357711923
86.05493362749039
104.48314448676592
94.9320311541293
100.72195726470108
113.93266769284722
83.33874881412278
113.40310633057211
88.92689312329424
86.30829113957166
104.22385669848644
101.62618787648226
84.18066939112114
97.35822977533054
88.15667581750606
107.8594054147077
117.40084402588798
105.68953871903028
106.31366829479184
97.55884469724329
106.16205597379768
86.15428846456211
82.80686449196841
109.54002085061704
110.63069296936013
112.23711337304294
119.45102892080347
93.74039376939714
109.32831950852051
96.81863446606621
97.52254487514914
114.07794702927993
111.05936031351256
110.57947981176896
118.37293527647319
93.48926632822841
96.0185234782555
108.17884538487695
86.654977653035
105.9038524943339
119.10468601440607
118.71483258484376
94.23696471617376
114.76025542430219
88.99206200036048
102.91634174138215
104.69333252892721
89.22528513623165
81.50408659716601
93.84989455727836
100.92444592281117
105.01105961037658
101.55817528192199
114.03940986208497
99.77067149038683
112.09000840600442
102.32419726417518
111.16191929808554
90.58579322050362
101.94412605278005
93.26302602082026
105.81974876534892
95.20192539828466
89.22355551903983
108.49749176102468
93.9133197318606
95.31606361374598
91.60318137004944
97.67019241575221
90.65658570610691
97.24766498322904
89.36699658339718
98.74074827243953
102.87474480409936
94.93992287185043
103.75583413375168
89.49024915860531
91.35431275332185
111.15191281350656
94.44347368630338
80.6999565573922
107.85271583572256
90.10429943641564
98.17889525628671
82.92497397484868
79.97367405604466
105.6615479339064
96.35463429980146
112.56487606583369
99.86212600124875
105.07873966067415
85.59254124341376
99.47439773643858
101.78016924665638
92.82934148958351
101.9732240458278
89.65613760032414
107.31056644024805
89.0602919376547
99.13071858559384
95.64416963784153
89.1456915987484
109.03583968695494
119.77048348615128
100.15659560130459
102.21688233733842
79.9040388350648
107.76300150997507
127.38017386057123
84.94834212395938
110.5478085450411
104.30010621970605
99.15399917123334
98.32062989722613
98.12312773424499
120.94315831851328
88.72883950488793
97.27040690425885
104.4183700891502
71.34300817609947
101.35502193870906
91.55915014577086
106.25985311299192
106.14477987973102
101.31009668992593
94.8884836561278
115.99895826607258
109.19619348111641
113.1160466238366
101.75568512195659
102.12799631737252
125.85017682029762
77.10937578528082
88.75127303136443
92.64326353644371
98.09220403838734
103.49617540520805
84.90120765021005
102.45844814330871
86.92781890226087
88.87477448750246
113.42901042241068
117.84792551649576
89.04362735947278
99.08780299649926
126.42685640649752
91.29827542018914
97.40656706075102
103.27411870903221
97.38792738211987
88.67547547023423
82.59943339661629
93.14250746941399
104.83317049874167
97.75392572868003
94.53620442301963
129.38991845625577
107.1945351359954
117.33150493843641
95.01152263868813
95.98524509617566
94.40471194535561
117.3027636287888
111.5685320522725
98.56353878974816
106.96342696440068
94.67769519438764
102.94268902227593
102.10618775346524
78.43758346816813
114.01827703735992
92.18146848815122
93.25771886350049
110.69398652752486
103.85435771649955
103.40349997959524
90.02013634356365
102.94100008883781
99.3250226830458
120.08237304461412
103.71942753435187
101.15063035226095
97.01580379493744
114.89117448770799
102.79247774170504
92.5644695075155
113.46542826749132
104.23023132688189
110.33697926965006
106.46489738932455
82.51556066127925
109.4830323585407
90.33401302281545
100.49912579880136
96.50388676632063
84.44246509203388
104.18082118496186
90.18297990593665
111.15926091826299
110.41802430630065
96.91310024089846
89.86211880887296
80.58967122591419
98.4362838015639
88.63444518569244
86.67538769293908
90.2136596221967
106.86470346746887
90.6454030124167
95.35110371611037
112.7578634149106
114.46441013059314
107.85819318642442
99.75505485095526
102.64254273329878
102.17812481052628
87.76740987846993
89.2611462696689
101.12459311410836
116.30451896514275
93.21158270461765
100.14103039242201
106.44656127530497
82.68530504629416
97.52164206431445
112.51840972405465
99.3949136373206
97.3517125149225
113.28817484637243
96.91813986481935
102.76357072948215
92.39503234259432
112.2770763468657
101.17606150178611
112.63268294509942
101.96103201689971
95.93510089246475
104.37063373335508
109.25327415810054
99.75383108467783
99.9870336367197
102.86731631085735
102.89926923492702
98.09995565213919
89.03274989865221
93.94803359961305
98.97783913255739
79.6465310900176
81.13708331214688
106.5630420628539
104.12478790010448
91.93349507589632
102.67120390064706
111.87473546470493
102.12954826094756
90.71165112701668
111.7532729668933
104.18732607356287
107.49459886974218
98.8134519284602
83.00581336122357
97.7091012568754
111.34679712991398
108.66868984809106
92.97701632208006
88.97887702583753
104.46277365030706
99.40946199652402
82.23516043637889
96.91218060574825
95.26624536609421
103.0319892082118
93.3115964584651
100.76457219608407
110.29496701870875
101.37921349985223
114.13240800835214
86.20091827104963
96.89926160542703
118.82459216069313
92.150781354272
84.44509877910949
102.78055865633283
88.17090747910518
103.15191274925034
97.05325798460376
79.20827997947364
91.66429753014832
94.92467242880589
92.4983876772875
87.21923807714188
91.54476648228999
74.77502707757759
97.93313481246953
95.64719047078316
93.34154614502582
89.00011663102015
86.17214155461295
85.89398085264088
96.88228844938271
96.19924353896096
90.16152471335998
92.49869205956702
93.84853379147599
112.72935558991043
103.69294797459456
103.96975370816702
86.2190011288068
96.43886707407468
97.59755848875591
103.45946465830757
108.4085592017231
118.52469408182034
111.89626179511947
98.14885844275315
85.63660685864888
91.02094482393574
105.96041594314667
110.41701961947231
86.85842786544342
108.71776173267432
97.42447922971756
89.00680861007825
94.88791843374975
84.6212579164764
107.2323805304665
87.99395921192003
106.77179516371166
99.45988162488521
84.24348090277468
95.87658620026869
89.09530987659865
104.57737192499323
100.5706367426171
129.5000769796866
83.00186784690423
93.56111959629484
94.33162680290567
105.11849266330923
81.54889748444381
82.45344858265852
115.38474698699277
99.93942381545912
113.20927854245303
89.2648494227351
91.34070740823826
103.61385915335194
82.24576921418254
102.46202144948182
118.78717235487201
87.80804176658498
83.9350738541082
98.91369971274281
109.68514213778998
88.82673437279227
97.27457270275342
91.20173453437415
88.1808023706148
87.07946574361922
81.36429942852968
103.23215868285477
101.81259579868437
101.42548179265543
94.71006671598595
84.25076939055137
99.38285942753903
86.52608772713062
85.91625353047823
98.73544123961447
96.97345663335065
87.77867217490657
97.89438042732607
117.51367912229517
117.66029518917502
98.72641537319427
90.57499161380684
116.45894361102481
104.82035488582638
117.74125594360666
89.98051688665774
105.69920644959348
118.69606079778674
91.28073810600763
93.71200263164235
102.35919990780523
105.96263465465148
88.00380975442272
103.09061183011097
100.10276803857518
94.11022986747314
109.83890387771234
101.0045438633923
103.89400791971093
108.83257356865006
108.6460962240084
102.89364277041153
88.59404170500717
100.4584759470421
90.78649210814318
102.00684035050483
101.02164619127079
111.07074379694724
85.53059471011495
111.81100176994464
112.39134703018277
95.38997030184574
113.02115953111385
108.10364808230122
107.07192865496691
91.19079971751282
113.05215969776214
97.63761216342397
103.31778536002858
91.11525723183132
113.86097045549684
98.5606114316471
97.60437226509298
94.35452544834213
104.80206528216605
103.47165929791022
113.66019902105552
118.8881532487135
109.58909884034787
86.74328900176019
97.99323691952601
90.16222698895064
88.79764871072379
117.22262115849502
108.564843852614
90.10369972045339
88.33068446826746
109.1843960316546
96.16351579096263
98.20779064847036
104.88206642024382
92.73343712176094
84.964572172607
91.95258111995486
61.71390824514936
71.46813718085667
89.80838930513796
88.26316107009913
86.87731354455097
108.08422134436847
81.91715882683981
101.44980929642298
106.82550933323604
113.9792558456252
97.69546628619679
92.55142181782008
106.4522566078927
94.93672795362463
94.9341321744881
111.34841027889239
106.40443451485186
118.12111383279968
92.85183226979376
99.66709020885007
102.29387953600464
121.11182316401893
84.52012997649798
106.31018510399942
92.40346347601461
86.96306419561184
113.95080390043742
104.07893249223017
99.73980433482824
97.52651795795092
110.2614030383115
108.557979946085
93.51296922050999
98.84654431096855
85.67111586651464
83.53375639655009
96.77688370184991
99.95459077277712
89.89707500055805
109.62092735876018
135.03956714176937
87.18229699202506
88.34544451362746
109.85208449985699
86.98411999002124
114.27418261907427
103.43141529007437
91.84146645906242
107.18023277304448
102.84269847930395
102.16723838336416
99.79786775530062
80.23534429287182
110.6726882218424
107.48380104900178
111.12117587447452
101.01936266248481
100.52718591383916
106.30583683402095
84.01589140156479
106.06532627558273
83.36281149573232
103.59039799583077
90.94093184057076
102.53566440574103
89.7602931425703
98.65115015768835
110.97841494451704
88.06286494322615
105.71271755959648
105.30607104597621
90.51768838705286
98.6115975170193
100.78034198058083
97.15778651024493
115.29272452060954
102.76935128723012
112.07251390647434
104.26515238760146
84.60222732452584
91.55613812408541
93.27203555399434
104.27891272743739
96.26878116831041
98.05671468396021
91.44531317244545
111.85095969080076
113.39914210068882
91.88831619609908
89.51643467998171
99.40493194824741
97.25094537555698
80.11502478365327
98.78297088280776
104.35712653767202
98.68406118662661
101.86057590111362
98.75730657622634
84.66208581647156
100.27909362307199
102.28530394323339
94.38899427096325
79.09612611854611
88.26239421370323
102.31878665277375
88.05941950775919
99.04569458850958
109.38855363749998
99.43914691963536
104.77506000512074
108.52123355356763
101.28552799872921
98.70662657794657
103.05338324686518
104.29902588515374
105.88729404224242
98.55390921488262
104.83667904344725
104.86569094136621
102.35725177628595
103.72624898734068
93.39863339312517
94.40156097493396
106.24604757277702
92.32955567319888
122.73455070092766
104.1569569947011
87.03407727763731
101.84477048003268
95.03411406148373
110.95407794954974
107.90746104471349
97.00679756346665
97.86895720046869
97.88081635817146
95.05723560363211
94.22638243680143
85.96633555540258
107.67938008118713
97.55462030990483
108.66959941945717
90.01794829085897
101.88183543675952
91.85596850549284
109.99391460069104
96.71516592640731
102.07385447280598
96.91098463981636
106.35937361019596
107.28363205519749
94.80619626414968
107.25079491130606
95.7537930147605
99.19995675601645
108.40008265733358
109.15237391083015
93.35288524987675
102.44332880787343
97.68164522395283
107.28762136318296
91.02117405410459
97.90027353574143
108.70342556762495
107.35717803117645
78.01581076422211
96.28917722363457
93.2720493369661
90.02424119283668
108.63307318500115
112.49278045618155
99.71995743122152
101.19819188608489
86.52971006990374
93.54338558677723
93.04084131428982
116.20056134870741
103.25436641158524
97.26369511804121
118.56893564152962
102.34379604435676
94.98073139744797
105.16118439865848
79.45985279121665
118.54942080948396
101.69507871869126
93.98209854328795
105.75190447123084
85.2489997580935
113.14512707932846
95.50774396529724
111.91322342270264
85.29606231317328
96.91239154761102
94.89257587605493
95.6234377756959
114.01697963362098
98.32505352574105
90.88767568282967
100.28701937568654
107.104531080973
93.94251261959293
92.07631181539507
114.89566847905415
102.9648921624996
99.86295357391323
105.86997406621829
87.12302966149421
107.74472068710348
88.79126797143218
101.52010304032709
115.29561899332812
88.83825504315152
96.55713612730176
110.18940243242166
93.57612727706648
102.0148895927455
103.37777610682343
106.34140387885012
94.05877992076478
92.32089879693189
104.32246079448072
91.76266008331149
114.84661163802257
90.97172153366152
115.53966368283297
81.61616542635613
96.1910656426606
99.51073117258399
110.84753471692372
87.89549873093947
97.21580869210882
100.93914344678332
116.45752421695963
104.97860782780569
91.9666154464335
80.68589758442971
115.66744550830164
91.12605517326753
110.53250783244617
87.73565554189008
99.30538758678887
95.17080174367983
101.5693083968559
99.01064016133587
99.19018005474824
86.06823945671556
112.89669619053502
108.06992870846244
80.1582365284025
86.07256676366109
111.31442022541565
89.41581006279095
90.10082266315464
96.1107376652373
115.22572057374416
106.94351782711432
95.42316660971328
105.37358871472794
90.56734533910559
99.03612232242327
100.77635444844508
98.57454669992634
90.77608900774042
115.52764894652856
102.01479852728477
100.27874607077568
94.53404088263068
101.84756409937717
91.87588252855089
115.47173791386444
77.87414068829132
82.94883964755209
93.55833238922965
102.39429360176078
108.52833698377223
91.92237182404784
95.34254778768904
93.56350073981419
100.2431211378129
112.04004910928535
113.78145106120235
95.4652738477953
103.99004926745876
110.65490348325879
85.58920784825483
94.14598151539475
94.35882181490948
94.21027874110251
90.95655336842376
95.77518495214174
96.86214435096764
107.48591193266839
106.02388928804353
97.1261239647641
113.69228385837435
96.8895647665821
104.5749636973838
119.607920809106
103.45232266447411
88.061185560107
108.03880298528881
96.04323812663691
104.60003930495257
96.46494052884096
97.79119607952471
109.250449234799
105.05496253790423
118.93231393468227
91.84746895584561
122.30623726943516
105.5393593637087
104.75460045820986
71.63247942340047
100.246060884176
99.24602160214742
82.87209391608951
107.97318936590821
89.03281788294063
90.02115842601212
85.13079491729913
86.00949817056569
84.06005475284135
107.64715127088928
102.75465165618436
94.87304434710262
100.21551515072095
76.16797912779651
94.35811870464389
95.79497701072665
98.00763678286391
88.47337206176051
93.88852305264722
108.32679472947974
113.30425795899293
90.21779052060663
87.45764598103064
104.22065039137047
95.30745974954817
104.69611466298119
105.81102851951768
95.65613303698503
109.95536657533621
107.20399705961044
106.3501922354356
95.49178762108514
109.31740999291709
94.8186028341693
95.71278638069661
103.39352858176302
99.26300624838908
105.97603016124617
119.17218674336917
129.34368271098808
117.17207121731178
97.89172395520055
104.16122090957667
101.86953610048032
112.86577975949376
83.60884249434035
132.51733628516624
100.0029333882752
105.0700399197799
111.79442448323258
117.31047817336909
86.44465982967571
106.61806256769823
103.96341765183207
108.82482596193687
73.96041433954488
115.75095837952456
110.96113212632248
109.54869298864178
108.0478668595295
105.14876679197205
91.39127957562629
102.24122685836949
114.89141189700271
89.84974090164062
96.44770870594385
89.55744898054078
106.22971142099583
107.75772195731578
116.57788638702252
96.03398238299731
102.80822088477274
80.105198924498
99.46788094328151
108.11491333531619
107.95031475753879
103.11459229517878
112.59956530279565
98.18065357450446
86.16493630045369
99.68976815148801
109.34619164101909
95.16609263506575
93.25674072120809
114.26088413754354
115.44462343461197
110.23357544292195
102.81783327084297
115.46138613942428
101.4532442174037
119.01409955933225
91.38966794230042
102.95946343875107
100.641426918804
103.09020107358333
83.37270218528855
110.10944586467551
96.3861517479341
96.06624774934414
96.5404988884701
104.80536994714572
96.8650720609939
91.94060382160042
110.30378971724315
93.18772037396856
100.73443923136125
108.16913636402684
104.89313776585593
98.32239620948118
115.87978776573401
98.43931802035884
114.0763682859994
117.00496705123362
126.32807038119569
85.36829565834945
100.79646443041871
93.6092480460178
80.9744845154071
103.26616573975701
88.67810017178557
108.5690375784784
109.25173119494154
99.87917409243218
95.30916227069658
112.61624297617283
107.1178016061796
100.83789210588716
110.99696921141826
132.58451654360192
